0.515625
0.50223213
0.4888393
0.4765625
0.47767857
0.48325893
0.4888393
0.49776787
0.5066964
0.51116073
0.515625
0.5234375
0.53125
0.54241073
0.5535714
0.56584823
0.5535714
0.5535714
0.5535714
0.5613839
0.5535714
0.5535714
0.5535714
0.5546875
0.5558036
0.55915177
0.5625
0.56584823
0.5691964
0.5703125
0.5714286
0.5703125
0.5691964
0.56584823
0.5625
0.55915177
0.5558036
0.5558036
0.5558036
0.5546875
0.5535714
0.5535714
0.5535714
0.55133927
0.54910713
0.54799104
0.546875
0.54464287
0.54241073
0.5390625
0.53571427
0.53348213
0.53125
0.5234375
0.515625
0.515625
0.515625
0.515625
0.515625
0.51450896
0.51339287
0.51116073
0.5089286
0.5078125
0.5066964
0.50111604
0.4955357
0.49330357
0.49107143
0.49107143
0.49107143
0.48995537
0.4888393
0.4888393
0.4888393
0.4854911
0.48214287
0.47991073
0.47767857
0.47767857
0.47767857
0.47991073
0.48214287
0.484375
0.48660713
0.484375
0.48214287
0.47991073
0.48214287
0.484375
0.48660713
0.48772323
0.4888393
0.4888393
0.4888393
0.48995537
0.49107143
0.49107143
0.49107143
0.49107143
0.49107143
0.4921875
0.49107143
0.4921875
0.49330357
0.4921875
0.49330357
0.49330357
0.49330357
0.49330357
0.49330357
0.49330357
0.49330357
0.49441963
0.4955357
0.4955357
0.4955357
0.49665177
0.49776787
0.49776787
0.49776787
0.49888393
0.5
0.5
0.5
0.5
0.5
0.5
0.5
0.50111604
0.50223213
0.50334823
0.50446427
0.50446427
0.50446427
0.5055803
0.5066964
0.5055803
0.50446427
0.50446427
0.50446427
0.50334823
0.50223213
0.50111604
0.5
0.5
0.5
0.5
0.5
0.5
0.5
0.49888393
0.49776787
0.49776787
0.49776787
0.49665177
0.4955357
0.4955357
0.4955357
0.49441963
0.49330357
0.49330357
0.49330357
0.49330357
0.49330357
0.49330357
0.49330357
0.4921875
0.49107143
0.49107143
0.49107143
0.49107143
0.49107143
0.49107143
0.49107143
0.48995537
0.4888393
0.4888393
0.4888393
0.48772323
0.48660713
0.48549107
0.484375
0.48325893
0.48214287
0.47991073
0.47767857
0.47767857
0.47767857
0.47767857
0.47767857
0.47767857
0.47767857
0.47767857
0.47767857
0.4765625
0.47544643
0.47544643
0.47544643
0.47433037
0.4732143
0.4732143
0.4732143
0.47209823
0.47098213
0.47098213
0.47098213
0.46986607
0.46875
0.46875
0.46875
0.46875
0.46875
0.46763393
0.46651787
0.46651787
0.46651787
0.46651787
0.46651787
0.46540177
0.4642857
0.4642857
0.4642857
0.4642857
0.4642857
0.4642857
0.4642857
0.4642857
0.4642857
0.4642857
0.4642857
0.46316963
0.46205357
0.46205357
0.46205357
0.46205357
0.46205357
0.46205357
0.46205357
0.46205357
0.46205357
0.4609375
0.45982143
0.45982143
0.45982143
0.45982143
0.45982143
0.45982143
0.45982143
0.45870537
0.4575893
0.45535713
0.453125
0.453125
0.453125
0.453125
0.453125
0.453125
0.453125
0.453125
0.453125
0.45200893
0.45089287
0.45089287
0.45089287
0.44977677
0.4486607
0.4486607
0.4486607
0.4486607
0.4486607
0.4486607
0.4486607
0.44754463
0.44642857
0.44642857
0.44642857
0.4453125
0.44419643
0.44419643
0.44419643
0.44308037
0.4419643
0.4419643
0.4419643
0.4419643
0.4419643
0.43973213
0.4375
0.4375
0.4375
0.43638393
0.43526787
0.43526787
0.43526787
0.43415177
0.4330357
0.4330357
0.4330357
0.4330357
0.4330357
0.43191963
0.43080357
0.43080357
0.43080357
0.43080357
0.43080357
0.4296875
0.42857143
0.42857143
0.42857143
0.42745537
0.4263393
0.42522323
0.42410713
0.4207589
0.4174107
0.4174107
0.4174107
0.4174107
0.4174107
0.41517857
0.41294643
0.41183037
0.4107143
0.40959823
0.40848213
0.40848213
0.40848213
0.40625
0.40401787
0.40401787
0.40401787
0.40178573
0.39955357
0.39955357
0.39955357
0.39955357
0.39955357
0.39955357
0.39955357
0.3984375
0.39732143
0.39732143
0.39732143
0.39620537
0.3950893
0.39397323
0.39285713
0.39285713
0.39285713
0.39174107
0.390625
0.390625
0.390625
0.390625
0.390625
0.390625
0.390625
0.38950893
0.38839287
0.38727677
0.3861607
0.38504463
0.38392857
0.38392857
0.38392857
0.38169643
0.3794643
0.37834823
0.37723213
0.37723213
0.37723213
0.375
0.37276787
0.37276787
0.37276787
0.37165177
0.3705357
0.3705357
0.3705357
0.36941963
0.36830357
0.3671875
0.36607143
0.36607143
0.36607143
0.36607143
0.36607143
0.36495537
0.3638393
0.3638393
0.3638393
0.3638393
0.3638393
0.3638393
0.3638393
0.36272323
0.36160713
0.36160713
0.36160713
0.36160713
0.36160713
0.36160713
0.36160713
0.36160713
0.36160713
0.36049107
0.359375
0.359375
0.359375
0.359375
0.359375
0.359375
0.359375
0.35825893
0.35714287
0.35714287
0.35714287
0.35602677
0.3549107
0.3549107
0.3549107
0.3549107
0.3549107
0.3549107
0.3549107
0.3549107
0.3549107
0.3549107
0.3549107
0.35379463
0.35267857
0.35267857
0.35267857
0.35267857
0.35267857
0.35267857
0.35267857
0.3515625
0.35044643
0.35044643
0.35044643
0.35044643
0.35044643
0.35044643
0.35044643
0.35044643
0.35044643
0.34933037
0.3482143
0.3482143
0.3482143
0.34709823
0.34598213
0.34598213
0.34598213
0.34598213
0.34598213
0.34709823
0.3482143
0.3482143
0.3482143
0.34933037
0.35044643
0.35044643
0.35044643
0.35044643
0.35044643
0.35044643
0.35044643
0.35044643
0.35044643
0.3515625
0.35267857
0.35267857
0.35267857
0.35267857
0.35267857
0.35267857
0.35267857
0.35379463
0.3549107
0.3549107
0.3549107
0.3549107
0.3549107
0.3549107
0.3549107
0.3549107
0.3549107
0.3549107
0.3549107
0.35602677
0.35714287
0.35714287
0.35714287
0.35825893
0.359375
0.359375
0.359375
0.359375
0.359375
0.359375
0.359375
0.36049107
0.36160713
0.36160713
0.36160713
0.36160713
0.36160713
0.36160713
0.36160713
0.36160713
0.36160713
0.36160713
0.36160713
0.36272323
0.3638393
0.3638393
0.3638393
0.3638393
0.3638393
0.3638393
0.3638393
0.36495537
0.36607143
0.36607143
0.36607143
0.36607143
0.36607143
0.3671875
0.36830357
0.36941963
0.3705357
0.3705357
0.3705357
0.37165177
0.37276787
0.37276787
0.37276787
0.375
0.37723213
0.37723213
0.37723213
0.37834823
0.3794643
0.38169643
0.38392857
0.38392857
0.38392857
0.38504463
0.3861607
0.38727677
0.38839287
0.38950893
0.390625
0.390625
0.390625
0.390625
0.390625
0.390625
0.390625
0.39174107
0.39285713
0.39285713
0.39285713
0.39285713
0.39285713
0.39397323
0.3950893
0.39620537
0.39732143
0.39732143
0.39732143
0.3984375
0.39955357
0.39955357
0.39955357
0.39955357
0.39955357
0.39955357
0.39955357
0.40178573
0.40401787
0.40401787
0.40401787
0.40625
0.40848213
0.40848213
0.40848213
0.40959823
0.4107143
0.41183037
0.41294643
0.41517857
0.4174107
0.4174107
0.4174107
0.4174107
0.4174107
0.41852677
0.41964287
0.42075893
0.421875
0.421875
0.421875
0.42299107
0.42410713
0.42522323
0.4263393
0.4263393
0.4263393
0.42745537
0.42857143
0.42857143
0.42857143
0.4296875
0.43080357
0.43080357
0.43080357
0.43080357
0.43080357
0.43191963
0.4330357
0.4330357
0.4330357
0.4330357
0.4330357
0.4330357
0.4330357
0.4330357
0.4330357
0.43415177
0.43526787
0.43526787
0.43526787
0.43526787
0.43526787
0.43638393
0.4375
0.4375
0.4375
0.43861607
0.43973213
0.44084823
0.4419643
0.4419643
0.4419643
0.4419643
0.4419643
0.4419643
0.4419643
0.44308037
0.44419643
0.44419643
0.44419643
0.4453125
0.44642857
0.44642857
0.44642857
0.44754463
0.4486607
0.4486607
0.4486607
0.4486607
0.4486607
0.4486607
0.4486607
0.44977677
0.45089287
0.45089287
0.45089287
0.45089287
0.45089287
0.45200893
0.453125
0.453125
0.453125
0.453125
0.453125
0.453125
0.453125
0.453125
0.453125
0.453125
0.453125
0.453125
0.453125
0.45535713
0.4575893
0.4575893
0.4575893
0.45870537
0.45982143
0.45982143
0.45982143
0.45982143
0.45982143
0.45982143
0.45982143
0.4609375
0.45982143
0.4609375
0.45982143
0.45982143
0.45982143
0.45982143
0.45982143
0.45982143
0.45982143
0.45870537
0.4575893
0.4575893
0.4575893
0.45535713
0.453125
0.453125
0.453125
0.453125
0.453125
0.453125
0.453125
0.453125
0.453125
0.453125
0.453125
0.453125
0.453125
0.45200893
0.45089287
0.45089287
0.45089287
0.45089287
0.45089287
0.44977677
0.4486607
0.4486607
0.4486607
0.4486607
0.4486607
0.4486607
0.4486607
0.44754463
0.44642857
0.44642857
0.44642857
0.44642857
0.44642857
0.44642857
0.44642857
0.4453125
0.44419643
0.44419643
0.44419643
0.44308037
0.4419643
0.4419643
0.4419643
0.4419643
0.4419643
0.4419643
0.4419643
0.4419643
0.4419643
0.4419643
0.4419643
0.4419643
0.4419643
0.4419643
0.4419643
0.44308037
0.44419643
0.44419643
0.44419643
0.44419643
0.44419643
0.4453125
0.44642857
0.44642857
0.44642857
0.44642857
0.44642857
0.44642857
0.44642857
0.44642857
0.44642857
0.44642857
0.44642857
0.44642857
0.44642857
0.44642857
0.44642857
0.44642857
0.44642857
0.44642857
0.44642857
0.44642857
0.44642857
0.44642857
0.44642857
0.44642857
0.44642857
0.44642857
0.44642857
0.44642857
0.44642857
0.44754463
0.4486607
0.4486607
0.4486607
0.4486607
0.4486607
0.4486607
0.4486607
0.44977677
0.45089287
0.45089287
0.45089287
0.45089287
0.45089287
0.45089287
0.45089287
0.45089287
0.45089287
0.45089287
0.45089287
0.45200893
0.453125
0.453125
0.453125
0.453125
0.453125
0.453125
0.453125
0.453125
0.453125
0.453125
0.453125
0.45200893
0.45089287
0.45200893
0.453125
0.453125
0.453125
0.453125
0.453125
0.453125
0.453125
0.453125
0.453125
0.453125
0.453125
0.453125
0.453125
0.453125
0.453125
0.45424107
0.45535713
0.45535713
0.45535713
0.45535713
0.45535713
0.45535713
0.45535713
0.45647323
0.4575893
0.4575893
0.4575893
0.4575893
0.4575893
0.45870537
0.45982143
0.45982143
0.45982143
0.45982143
0.45982143
0.45982143
0.45982143
0.45982143
0.45982143
0.45982143
0.45982143
0.45982143
0.45982143
0.4609375
0.46205357
0.46205357
0.46205357
0.46205357
0.46205357
0.46205357
0.46205357
0.46205357
0.46205357
0.46205357
0.46205357
0.46205357
0.46205357
0.46205357
0.46205357
0.46205357
0.46205357
0.46205357
0.46205357
0.46316963
0.4642857
0.4642857
0.4642857
0.46316963
0.46205357
0.46205357
0.46205357
0.46316963
0.4642857
0.4642857
0.4642857
0.4642857
0.4642857
0.46316963
0.4642857
0.4642857
0.4642857
0.4642857
0.4642857
0.4642857
0.4642857
0.4642857
0.4642857
0.4642857
0.4642857
0.4642857
0.4642857
0.4642857
0.4642857
0.4642857
0.4642857
0.4642857
0.4642857
0.4642857
0.4642857
0.46540177
0.46651787
0.46651787
0.46651787
0.46651787
0.46651787
0.46651787
0.46651787
0.46651787
0.46651787
0.46763393
0.46875
0.46875
0.46875
0.46875
0.46875
0.46875
0.46875
0.46875
0.46875
0.46875
0.46875
0.46763393
0.46651787
0.46651787
0.46651787
0.46651787
0.46651787
0.46651787
0.46651787
0.46651787
0.46651787
0.46540177
0.46651787
0.46540177
0.46651787
0.46651787
0.46651787
0.46651787
0.46651787
0.46540177
0.4642857
0.4642857
0.4642857
0.4642857
0.4642857
0.4642857
0.4642857
0.4642857
0.4642857
0.4642857
0.4642857
0.4642857
0.4642857
0.4642857
0.4642857
0.4642857
0.4642857
0.4642857
0.4642857
0.4642857
0.4642857
0.4642857
0.4642857
0.4642857
0.4642857
0.4642857
0.4642857
0.4642857
0.4642857
0.4642857
0.4642857
0.4642857
0.4642857
0.4642857
0.4642857
0.4642857
0.4642857
0.4642857
0.4642857
0.4642857
0.4642857
0.46540177
0.46651787
0.46651787
0.46651787
0.46651787
0.46651787
0.46651787
0.46651787
0.46651787
0.46651787
0.46651787
0.46651787
0.46763393
0.46875
0.46875
0.46875
0.46875
0.46875
0.46875
0.46875
0.46875
0.46875
0.46875
0.46875
0.46875
0.46875
0.46875
0.46875
0.46986607
0.47098213
0.47098213
0.47098213
0.47098213
0.47098213
0.47098213
0.47098213
0.47098213
0.47098213
0.47098213
0.47098213
0.47098213
0.47098213
0.47098213
0.47098213
0.47098213
0.47098213
0.47098213
0.47098213
0.47098213
0.47098213
0.47098213
0.47098213
0.46986607
0.46875
0.46875
0.46875
0.46875
0.46875
0.46875
0.46875
0.46875
0.46875
0.46875
0.46875
0.46875
0.46875
0.46875
0.46875
0.46763393
0.46651787
0.46651787
0.46651787
0.46651787
0.46651787
0.46651787
0.46651787
0.46651787
0.46651787
0.46651787
0.46651787
0.46540177
0.4642857
0.4642857
0.4642857
0.4642857
0.4642857
0.4642857
0.4642857
0.4642857
0.4642857
0.4642857
0.4642857
0.4642857
0.4642857
0.4642857
0.4642857
0.4642857
0.4642857
0.4642857
0.4642857
0.4642857
0.4642857
0.4642857
0.4642857
0.4642857
0.4642857
0.46316963
0.46205357
0.46205357
0.46205357
0.46205357
0.46205357
0.46205357
0.46205357
0.46205357
0.46205357
0.46205357
0.46205357
0.46205357
0.46205357
0.46205357
0.46205357
0.46205357
0.46205357
0.46205357
0.46205357
0.46205357
0.46205357
0.46205357
0.46205357
0.46205357
0.46205357
0.4609375
0.45982143
0.45982143
0.45982143
0.45982143
0.45982143
0.45982143
0.45982143
0.45982143
0.45982143
0.45982143
0.45982143
0.45982143
0.45982143
0.45982143
0.45982143
0.45982143
0.45982143
0.45982143
0.45982143
0.45982143
0.45982143
0.45982143
0.45982143
0.45982143
0.45982143
0.45982143
0.45982143
0.45870537
0.4575893
0.4575893
0.4575893
0.4575893
0.4575893
0.4575893
0.4575893
0.4575893
0.4575893
0.4575893
0.4575893
0.45647323
0.45535713
0.45535713
0.45535713
0.45535713
0.45535713
0.45535713
0.45535713
0.45535713
0.45535713
0.45535713
0.45535713
0.45535713
0.45535713
0.45424107
0.453125
0.453125
0.453125
0.453125
0.453125
0.453125
0.453125
0.453125
0.453125
0.453125
0.453125
0.453125
0.453125
0.453125
0.453125
0.453125
0.453125
0.453125
0.453125
0.453125
0.453125
0.453125
0.453125
0.453125
0.453125
0.45200893
0.45089287
0.45089287
0.45089287
0.45089287
0.45089287
0.45089287
0.45089287
0.45089287
0.45089287
0.45089287
0.45089287
0.45089287
0.45089287
0.45089287
0.45089287
0.45089287
0.45089287
0.45089287
0.45089287
0.45089287
0.45089287
0.44977677
0.4486607
0.4486607
0.4486607
0.4486607
0.4486607
0.4486607
0.4486607
0.4486607
0.4486607
0.4486607
0.4486607
0.4486607
0.4486607
0.4486607
0.4486607
0.44754463
0.44642857
0.44642857
0.44642857
0.44642857
0.44642857
0.44642857
0.44642857
0.44642857
0.44642857
0.44642857
0.44642857
0.44642857
0.44642857
0.44642857
0.44642857
0.44642857
0.44642857
0.44642857
0.44642857
0.44642857
0.44642857
0.44642857
0.44642857
0.44642857
0.44642857
0.44642857
0.44642857
0.4453125
0.44419643
0.44419643
0.44419643
0.44419643
0.44419643
0.44419643
0.44419643
0.44419643
0.44419643
0.44419643
0.44419643
0.44419643
0.44419643
0.4453125
0.44642857
0.44642857
0.44642857
0.44642857
0.44642857
0.44642857
0.44642857
0.44642857
0.44642857
0.44642857
0.44642857
0.44642857
0.44642857
0.44642857
0.44642857
0.44642857
0.44642857
0.44642857
0.44642857
0.44642857
0.44642857
0.44642857
0.44642857
0.44642857
0.44642857
0.44642857
0.44642857
0.44642857
0.44642857
0.44642857
0.44642857
0.44642857
0.44642857
0.44642857
0.44642857
0.44754463
0.4486607
0.4486607
0.4486607
0.4486607
0.4486607
0.4486607
0.4486607
0.4486607
0.4486607
0.4486607
0.4486607
0.4486607
0.4486607
0.4486607
0.4486607
0.4486607
0.4486607
0.4486607
0.4486607
0.44977677
0.45089287
0.45089287
0.45089287
0.45089287
0.45089287
0.45089287
0.45089287
0.45089287
0.45089287
0.45089287
0.45089287
0.45089287
0.45089287
0.45089287
0.45089287
0.45089287
0.45089287
0.45089287
0.45089287
0.45089287
0.45089287
0.45200893
0.453125
0.453125
0.453125
0.453125
0.453125
0.453125
0.453125
0.453125
0.453125
0.453125
0.453125
0.453125
0.453125
0.453125
0.453125
0.453125
0.453125
0.453125
0.453125
0.453125
0.453125
0.453125
0.453125
0.453125
0.453125
0.453125
0.453125
0.453125
0.453125
0.45424107
0.45535713
0.45535713
0.45535713
0.45535713
0.45535713
0.45535713
0.45535713
0.45535713
0.45535713
0.45535713
0.45535713
0.45535713
0.45535713
0.45535713
0.45535713
0.45535713
0.45535713
0.45647323
0.4575893
0.4575893
0.4575893
0.4575893
0.4575893
0.4575893
0.4575893
0.4575893
0.4575893
0.4575893
0.4575893
0.45870537
0.45982143
0.45982143
0.45982143
0.45982143
0.45982143
0.45982143
0.45982143
0.45982143
0.45982143
0.45982143
0.45982143
0.45982143
0.45982143
0.45982143
0.45982143
0.45982143
0.45982143
0.45982143
0.45982143
0.45982143
0.45982143
0.45982143
0.45982143
0.45982143
0.45982143
0.45982143
0.45982143
0.45982143
0.45982143
0.45982143
0.45982143
0.45982143
0.45982143
0.4609375
0.46205357
0.46205357
0.46205357
0.46205357
0.46205357
0.46205357
0.46205357
0.46205357
0.46205357
0.46205357
0.46205357
0.46205357
0.46205357
0.46205357
0.46205357
0.46205357
0.46205357
0.46205357
0.46205357
0.46205357
0.46205357
0.46205357
0.46205357
0.46205357
0.46205357
0.46205357
0.46205357
0.46316963
0.4642857
0.4642857
0.4642857
0.4642857
0.4642857
0.4642857
0.4642857
0.4642857
0.4642857
0.4642857
0.4642857
0.4642857
0.4642857
0.4642857
0.4642857
0.4642857
0.4642857
0.4642857
0.4642857
0.4642857
0.4642857
0.4642857
0.4642857
0.4642857
0.4642857
0.4642857
0.4642857
0.46540177
0.46651787
0.46651787
0.46651787
0.46651787
0.46651787
0.46651787
0.46651787
0.46651787
0.46651787
0.46651787
0.46651787
0.46651787
0.46651787
0.46763393
0.46875
0.46875
0.46875
0.46875
0.46875
0.46875
0.46875
0.46875
0.46875
0.46875
0.46875
0.46875
0.46875
0.46875
0.46875
0.46875
0.46875
0.46986607
0.47098213
0.47098213
0.47098213
0.47098213
0.47098213
0.47098213
0.47098213
0.47098213
0.47098213
0.47098213
0.47098213
0.47098213
0.47098213
0.47098213
0.47098213
0.47098213
0.47098213
0.47098213
0.47098213
0.47209823
0.4732143
0.4732143
0.4732143
0.4732143
0.4732143
0.4732143
0.4732143
0.4732143
0.4732143
0.4732143
0.4732143
0.47433037
0.47544643
0.47544643
0.47544643
0.47544643
0.47544643
0.47544643
0.47544643
0.47544643
0.47544643
0.47544643
0.47544643
0.47544643
0.47544643
0.47544643
0.47544643
0.47544643
0.47544643
0.4765625
0.47767857
0.47767857
0.47767857
0.47767857
0.47767857
0.47767857
0.47767857
0.47767857
0.47767857
0.47767857
0.47767857
0.47767857
0.47767857
0.47767857
0.47767857
0.47767857
0.47767857
0.47767857
0.47767857
0.47767857
0.47767857
0.47767857
0.47767857
0.47767857
0.47767857
0.47879463
0.4799107
0.4799107
0.4799107
0.4799107
0.4799107
0.4799107
0.4799107
0.48102677
0.48214287
0.48214287
0.48214287
0.48214287
0.48214287
0.48214287
0.48214287
0.48214287
0.48214287
0.48214287
0.48214287
0.48214287
0.48214287
0.48214287
0.48214287
0.48325893
0.484375
0.484375
0.484375
0.484375
0.484375
0.484375
0.484375
0.484375
0.484375
0.484375
0.484375
0.484375
0.484375
0.484375
0.484375
0.484375
0.484375
0.484375
0.484375
0.48549107
0.48660713
0.48660713
0.48660713
0.48660713
0.48660713
0.48660713
0.48660713
0.48660713
0.48660713
0.48660713
0.48660713
0.48660713
0.48660713
0.48660713
0.48660713
0.48660713
0.48660713
0.48660713
0.48660713
0.48772323
0.4888393
0.4888393
0.4888393
0.4888393
0.4888393
0.4888393
0.4888393
0.4888393
0.4888393
0.4888393
0.4888393
0.4888393
0.4888393
0.4888393
0.4888393
0.4888393
0.4888393
0.4888393
0.4888393
0.4888393
0.4888393
0.4888393
0.4888393
0.48995537
0.49107143
0.49107143
0.49107143
0.49107143
0.49107143
0.49107143
0.49107143
0.49107143
0.49107143
0.49107143
0.49107143
0.49107143
0.49107143
0.49107143
0.49107143
0.49107143
0.49107143
0.49107143
0.49107143
0.49107143
0.49107143
0.49107143
0.49107143
0.49107143
0.49107143
0.49107143
0.49107143
0.4921875
0.49330357
0.49330357
0.49330357
0.49330357
0.49330357
0.49330357
0.49330357
0.49330357
0.49330357
0.49330357
0.49330357
0.49330357
0.49330357
0.49330357
0.49330357
0.49330357
0.49330357
0.49330357
0.49330357
0.49330357
0.49330357
0.49330357
0.49330357
0.49441963
0.4955357
0.4955357
0.4955357
0.4955357
0.4955357
0.4955357
0.4955357
0.4955357
0.4955357
0.4955357
0.4955357
0.4955357
0.4955357
0.4955357
0.4955357
0.4955357
0.4955357
0.4955357
0.4955357
0.4955357
0.4955357
0.49665177
0.49776787
0.49776787
0.49776787
0.49776787
0.49776787
0.49776787
0.49776787
0.49776787
0.49776787
0.49776787
0.49776787
0.49776787
0.49776787
0.49776787
0.49776787
0.49776787
0.49776787
0.49776787
0.49776787
0.49776787
0.49776787
0.49888393
0.5
0.5
0.5
0.5
0.5
0.5
0.5
0.5
0.5
0.5
0.5
0.5
0.5
0.5
0.5
0.50111604
0.50223213
0.50223213
0.50223213
0.50223213
0.50223213
0.50223213
0.50223213
0.50223213
0.50223213
0.50334823
0.50446427
0.50446427
0.50446427
0.50446427
0.50446427
0.50446427
0.50446427
0.50446427
0.50446427
0.50446427
0.50446427
0.50446427
0.50446427
0.5055803
0.5066964
0.5066964
0.5066964
0.5066964
0.5066964
0.5066964
0.5066964
0.5066964
0.5066964
0.5066964
0.5066964
0.5066964
0.5066964
0.5066964
0.5066964
0.5066964
0.5066964
0.5078125
0.5089286
0.5089286
0.5089286
0.5089286
0.5089286
0.5089286
0.5089286
0.5089286
0.5089286
0.5089286
0.5089286
0.5089286
0.5089286
0.5089286
0.5089286
0.5089286
0.5089286
0.5089286
0.5089286
0.5100447
0.51116073
0.51116073
0.51116073
0.51116073
0.51116073
0.51116073
0.51116073
0.51116073
0.51116073
0.51116073
0.51116073
0.51116073
0.51116073
0.51227677
0.51339287
0.51339287
0.51339287
0.51339287
0.51339287
0.51339287
0.51339287
0.51339287
0.51339287
0.51339287
0.51339287
0.51339287
0.51339287
0.51339287
0.51339287
0.51450896
0.515625
0.515625
0.515625
0.515625
0.515625
0.515625
0.515625
0.515625
0.515625
0.515625
0.515625
0.515625
0.515625
0.515625
0.515625
0.515625
0.515625
0.515625
0.515625
0.515625
0.515625
0.51674104
0.51785713
0.51785713
0.51785713
0.51785713
0.51785713
0.51785713
0.51785713
0.51785713
0.51785713
0.51785713
0.51785713
0.51897323
0.52008927
0.52008927
0.52008927
0.52008927
0.52008927
0.52008927
0.52008927
0.52008927
0.52008927
0.52008927
0.52008927
0.52008927
0.52008927
0.52008927
0.52008927
0.52008927
0.52008927
0.52008927
0.52008927
0.52008927
0.52008927
0.52008927
0.52008927
0.5212053
0.5223214
0.5223214
0.5223214
0.5223214
0.5223214
0.5223214
0.5223214
0.5223214
0.5223214
0.5223214
0.5223214
0.5223214
0.5223214
0.5234375
0.5245536
0.5245536
0.5245536
0.5245536
0.5245536
0.5245536
0.5245536
0.5245536
0.5245536
0.5256697
0.52678573
0.52678573
0.52678573
0.52678573
0.52678573
0.52678573
0.52678573
0.52678573
0.52678573
0.52678573
0.52678573
0.52678573
0.52678573
0.52678573
0.52678573
0.52790177
0.52901787
0.52901787
0.52901787
0.52901787
0.52901787
0.52901787
0.52901787
0.53013396
0.53125
0.53125
0.53125
0.53125
0.53125
0.53125
0.53125
0.53125
0.53125
0.53125
0.53125
0.53125
0.53125
0.53236604
0.53348213
0.53348213
0.53348213
0.53348213
0.53348213
0.53348213
0.53348213
0.53348213
0.53348213
0.53348213
0.53348213
0.53348213
0.53348213
0.53459823
0.53571427
0.53571427
0.53571427
0.53571427
0.53571427
0.53571427
0.53571427
0.53571427
0.53571427
0.53571427
0.53571427
0.53571427
0.53571427
0.5368303
0.5379464
0.5379464
0.5379464
0.5379464
0.5379464
0.5379464
0.5379464
0.5390625
0.5401786
0.5401786
0.5401786
0.5401786
0.5401786
0.5401786
0.5401786
0.5401786
0.5401786
0.5401786
0.5401786
0.5401786
0.5401786
0.5401786
0.5401786
0.5401786
0.5401786
0.5401786
0.5401786
0.5401786
0.5401786
0.5401786
0.5401786
0.5401786
0.5401786
0.5412947
0.54241073
0.54241073
0.54241073
0.54241073
0.54241073
0.54241073
0.54241073
0.54241073
0.54241073
0.54241073
0.54241073
0.54241073
0.54241073
0.54241073
0.54241073
0.54241073
0.54241073
0.54241073
0.54241073
0.54241073
0.54241073
0.54352677
0.54464287
0.54464287
0.54464287
0.54464287
0.54464287
0.54464287
0.54464287
0.54464287
0.54464287
0.54464287
0.54464287
0.54575896
0.546875
0.546875
0.546875
0.546875
0.546875
0.546875
0.546875
0.546875
0.546875
0.54799104
0.54910713
0.54910713
0.54910713
0.54910713
0.54910713
0.54910713
0.54910713
0.54910713
0.54910713
0.54910713
0.54910713
0.54910713
0.54910713
0.54910713
0.54910713
0.54910713
0.54910713
0.54910713
0.54910713
0.55022323
0.55133927
0.55133927
0.55133927
0.55133927
0.55133927
0.5524553
0.5535714
0.5535714
0.5535714
0.5535714
0.5535714
0.5535714
0.5535714
0.5535714
0.5535714
0.5535714
0.5535714
0.5546875
0.5558036
0.5558036
0.5558036
0.5558036
0.5558036
0.5558036
0.5558036
0.5558036
0.5558036
0.5569197
0.55803573
0.55803573
0.55803573
0.55915177
0.56026787
0.56026787
0.56026787
0.56026787
0.56026787
0.56026787
0.56026787
0.56026787
0.56026787
0.56138396
0.5625
0.5625
0.5625
0.5625
0.5625
0.5625
0.5625
0.5625
0.5625
0.5625
0.5625
0.5625
0.5625
0.5625
0.5625
0.56361604
0.56473213
0.56473213
0.56473213
0.56473213
0.56473213
0.56473213
0.56473213
0.56473213
0.56473213
0.56473213
0.56473213
0.56584823
0.56696427
0.56696427
0.56696427
0.56696427
0.56696427
0.56696427
0.56696427
0.56696427
0.56696427
0.56696427
0.56696427
0.56696427
0.56696427
0.5680803
0.5691964
0.5691964
0.5691964
0.5691964
0.5691964
0.5691964
0.5691964
0.5691964
0.5691964
0.5691964
0.5691964
0.5691964
0.5691964
0.5703125
0.5714286
0.5714286
0.5714286
0.5714286
0.5714286
0.5714286
0.5714286
0.5725447
0.57366073
0.57366073
0.57366073
0.57366073
0.57366073
0.57366073
0.57366073
0.57366073
0.57366073
0.57477677
0.57589287
0.57589287
0.57589287
0.57589287
0.57589287
0.57589287
0.57589287
0.57589287
0.57589287
0.57589287
0.57589287
0.57700896
0.578125
0.578125
0.578125
0.578125
0.578125
0.578125
0.578125
0.57924104
0.58035713
0.58035713
0.58035713
0.58035713
0.58035713
0.58035713
0.58035713
0.58035713
0.58035713
0.58147323
0.58258927
0.58258927
0.58258927
0.58258927
0.58258927
0.58258927
0.58258927
0.58258927
0.58258927
0.58258927
0.58258927
0.58258927
0.58258927
0.58258927
0.58258927
0.5837053
0.5848214
0.5848214
0.5848214
0.5848214
0.5848214
0.5848214
0.5848214
0.5848214
0.5848214
0.5859375
0.5870536
0.5870536
0.5870536
0.5870536
0.5870536
0.5881697
0.58928573
0.58928573
0.58928573
0.58928573
0.58928573
0.58928573
0.58928573
0.58928573
0.58928573
0.58928573
0.58928573
0.58928573
0.58928573
0.58928573
0.58928573
0.58928573
0.58928573
0.59040177
0.59151787
0.59151787
0.59151787
0.59151787
0.59151787
0.59151787
0.59151787
0.59151787
0.59151787
0.59151787
0.59151787
0.59151787
0.59151787
0.59263396
0.59375
0.59375
0.59375
0.59375
0.59375
0.59375
0.59375
0.59375
0.59375
0.59375
0.59375
0.59375
0.59375
0.59486604
0.59598213
0.59709823
0.59821427
0.59821427
0.59821427
0.59821427
0.59821427
0.59821427
0.59821427
0.59821427
0.59821427
0.59821427
0.59821427
0.5993303
0.6004464
0.6004464
0.6004464
0.6004464
0.6004464
0.6004464
0.6004464
0.6015625
0.6026786
0.6026786
0.6026786
0.6026786
0.6026786
0.6026786
0.6026786
0.6026786
0.6026786
0.6037947
0.60491073
0.60491073
0.60491073
0.60491073
0.60491073
0.60491073
0.60491073
0.60491073
0.60491073
0.60491073
0.60491073
0.60602677
0.60714287
0.60714287
0.60714287
0.60714287
0.60714287
0.60714287
0.60714287
0.60714287
0.60714287
0.60714287
0.60714287
0.60714287
0.60714287
0.60825896
0.609375
0.609375
0.609375
0.609375
0.609375
0.61049104
0.61160713
0.61160713
0.61160713
0.61160713
0.61160713
0.61272323
0.61383927
0.61383927
0.61383927
0.61383927
0.61383927
0.61383927
0.61383927
0.61383927
0.61383927
0.61383927
0.61383927
0.6149553
0.6160714
0.6160714
0.6160714
0.6160714
0.6160714
0.6160714
0.6160714
0.6171875
0.6183036
0.6183036
0.6183036
0.6183036
0.6183036
0.6183036
0.6183036
0.6183036
0.6183036
0.6183036
0.6183036
0.6194197
0.62053573
0.62053573
0.62053573
0.62053573
0.62053573
0.62053573
0.62053573
0.62053573
0.62053573
0.62053573
0.62053573
0.62053573
0.62053573
0.62053573
0.62053573
0.62053573
0.62053573
0.62165177
0.62276787
0.62276787
0.62276787
0.62276787
0.62276787
0.62276787
0.62276787
0.62276787
0.62276787
0.62388396
0.625
0.625
0.625
0.625
0.625
0.625
0.625
0.625
0.625
0.62611604
0.62723213
0.62723213
0.62723213
0.62723213
0.62723213
0.62834823
0.62946427
0.62946427
0.62946427
0.62946427
0.62946427
0.62946427
0.62946427
0.62946427
0.62946427
0.62946427
0.62946427
0.62946427
0.62946427
0.6305803
0.6316964
0.6316964
0.6316964
0.6316964
0.6316964
0.6328125
0.6339286
0.6339286
0.6339286
0.6339286
0.6339286
0.6350447
0.63616073
0.63616073
0.63616073
0.63616073
0.63616073
0.63616073
0.63616073
0.63727677
0.63839287
0.63839287
0.63839287
0.63950896
0.640625
0.640625
0.640625
0.640625
0.640625
0.640625
0.640625
0.640625
0.640625
0.64174104
0.64285713
0.64285713
0.64285713
0.64285713
0.64285713
0.64285713
0.64285713
0.64397323
0.64508927
0.64508927
0.64508927
0.64508927
0.64508927
0.64508927
0.64508927
0.6462053
0.6473214
0.6473214
0.6473214
0.6473214
0.6473214
0.6473214
0.6473214
0.6473214
0.6473214
0.6473214
0.6473214
0.6473214
0.6473214
0.6473214
0.6473214
0.6484375
0.6495536
0.6495536
0.6495536
0.6495536
0.6495536
0.6495536
0.6495536
0.6495536
0.6495536
0.6495536
0.6495536
0.6506697
0.65178573
0.65178573
0.65178573
0.65178573
0.65178573
0.65178573
0.65178573
0.65178573
0.65178573
0.65290177
0.65401787
0.65401787
0.65401787
0.65401787
0.65401787
0.65513396
0.65625
0.65625
0.65625
0.65625
0.65625
0.65736604
0.65848213
0.65848213
0.65848213
0.65848213
0.65848213
0.65848213
0.65848213
0.65959823
0.66071427
0.66071427
0.66071427
0.66071427
0.66071427
0.66071427
0.66071427
0.66071427
0.66071427
0.6618303
0.6629464
0.6629464
0.6629464
0.6629464
0.6629464
0.6640625
0.6651786
0.6651786
0.6651786
0.6651786
0.6651786
0.6651786
0.6651786
0.6662947
0.66741073
0.66741073
0.66741073
0.66741073
0.66741073
0.66741073
0.66741073
0.66741073
0.66741073
0.66852677
0.66964287
0.66964287
0.66964287
0.66964287
0.66964287
0.671875
0.67410713
0.67410713
0.67410713
0.67410713
0.67410713
0.67522323
0.67633927
0.6774553
0.6785714
0.6785714
0.6785714
0.6785714
0.6785714
0.6796875
0.6808036
0.6808036
0.6808036
0.68415177
0.6875
0.6875
0.6875
0.69084823
0.6941964
0.6941964
0.6941964
0.6953125
0.6964286
0.6975447
0.69866073
0.69977677
0.70089287
0.70535713
0.7098214
0.7109375
0.7120536
0.71428573
0.71651787
0.71763396
0.71875
0.71986604
0.72098213
0.72098213
0.72098213
0.72209823
0.72321427
0.7243303
0.7254464
0.72879463
0.73214287
0.73325896
0.734375
0.734375
0.734375
0.73549104
0.73660713
0.73772323
0.73883927
0.7399553
0.7410714
0.7421875
0.7433036
0.7444197
0.74553573
0.74553573
0.74553573
0.74553573
0.74553573
0.74665177
0.74776787
0.74776787
0.74776787
0.74776787
0.74776787
0.74888396
0.75
0.75
0.75
0.75
0.75
0.75111604
0.75223213
0.75334823
0.75446427
0.75446427
0.75446427
0.7555803
0.7566964
0.7566964
0.7566964
0.7578125
0.7589286
0.7589286
0.7589286
0.7589286
0.7589286
0.7589286
0.7589286
0.7589286
0.7589286
0.7600447
0.76116073
0.76116073
0.76116073
0.76227677
0.76339287
0.76450896
0.765625
0.76674104
0.76785713
0.76785713
0.76785713
0.76785713
0.76785713
0.77008927
0.7723214
0.7734375
0.7745536
0.7756697
0.77678573
0.77678573
0.77678573
0.77678573
0.77678573
0.77790177
0.77901787
0.77901787
0.77901787
0.78013396
0.78125
0.78125
0.78125
0.78125
0.78125
0.78125
0.78125
0.78125
0.78125
0.78236604
0.78348213
0.78348213
0.78348213
0.78348213
0.78348213
0.78348213
0.78348213
0.78459823
0.78571427
0.7868303
0.7879464
0.7879464
0.7879464
0.7879464
0.7879464
0.7879464
0.7879464
0.7879464
0.7879464
0.79017854
0.79241073
0.79241073
0.79241073
0.79352677
0.79464287
0.79464287
0.79464287
0.79464287
0.79464287
0.79575896
0.796875
0.796875
0.796875
0.79799104
0.79910713
0.79910713
0.79910713
0.80022323
0.80133927
0.80357146
0.8058036
0.8058036
0.8058036
0.8058036
0.8058036
0.8069197
0.80803573
0.80915177
0.81026787
0.81026787
0.81026787
0.81026787
0.81026787
0.81026787
0.81026787
0.81361604
0.81696427
0.81696427
0.81696427
0.8180803
0.8191964
0.8203125
0.8214286
0.8225447
0.82366073
0.82589287
0.828125
0.82924104
0.83035713
0.83035713
0.83035713
0.83147323
0.83258927
0.83258927
0.83258927
0.8337053
0.8348214
0.8359375
0.8370536
0.8370536
0.8370536
0.8381697
0.83928573
0.84040177
0.84151787
0.84263396
0.84375
0.84375
0.84375
0.84486604
0.84598213
0.84709823
0.84821427
0.84821427
0.84821427
0.85044646
0.8526786
0.8537947
0.85491073
0.85602677
0.85714287
0.859375
0.86160713
0.86160713
0.86160713
0.86272323
0.86383927
0.86607146
0.8683036
0.87276787
0.87723213
0.87946427
0.8816964
0.88392854
0.88616073
0.88727677
0.88839287
0.890625
0.89285713
0.89285713
0.89285713
0.89508927
0.8973214
0.89955354
0.90178573
0.90290177
0.90401787
0.90401787
0.90401787
0.90513396
0.90625
0.90625
0.90625
0.90848213
0.91071427
0.9118303
0.9129464
0.9129464
0.9129464
0.91517854
0.91741073
0.91741073
0.91741073
0.91852677
0.91964287
0.92410713
0.9285714
0.93303573
0.9375
0.93861604
0.93973213
0.94084823
0.94196427
0.94196427
0.94196427
0.94419646
0.9464286
0.9464286
0.9464286
0.9464286
0.9464286
0.9475447
0.94866073
0.94866073
0.94866073
0.94866073
0.94866073
0.94977677
0.95089287
0.95200896
0.953125
0.953125
0.953125
0.95535713
0.95758927
0.9609375
0.96428573
0.96428573
0.96428573
0.96651787
0.96875
0.96986604
0.97098213
0.9765625
0.98214287
0.98214287
0.98214287
0.98214287
0.98214287
0.98325896
0.984375
0.984375
0.984375
0.98549104
0.98660713
0.98772323
0.98883927
0.9899553
0.9910714
0.9921875
0.9933036
0.9944197
0.99553573
0.99553573
0.99553573
0.99553573
0.99553573
0.99553573
0.99553573
0.99665177
0.99776787
0.99776787
0.99776787
0.99888396
1.0
1.0
1.0
1.0
1.0
1.001116
1.0022322
1.0055804
1.0089285
1.0111606
1.0133928
1.015625
1.0178572
1.0178572
1.0178572
1.0200894
1.0223215
1.0223215
1.0223215
1.0245535
1.0267857
1.0267857
1.0267857
1.0267857
1.0267857
1.0267857
1.0267857
1.0267857
1.0267857
1.0290179
1.03125
1.0334821
1.0357143
1.0357143
1.0357143
1.0379465
1.0401785
1.0424106
1.0446428
1.0446428
1.0446428
1.0513393
1.0580357
1.0591518
1.0602678
1.061384
1.0625
1.0658482
1.0691965
1.0691965
1.0691965
1.0703125
1.0714285
1.0747768
1.078125
1.079241
1.0803572
1.0803572
1.0803572
1.0837054
1.0870535
1.0881696
1.0892857
1.0892857
1.0892857
1.0892857
1.0892857
1.0892857
1.0892857
1.09375
1.0982143
1.0982143
1.0982143
1.0993304
1.1004465
1.1037946
1.1071428
1.1071428
1.1071428
1.1071428
1.1071428
1.1116071
1.1160715
1.1160715
1.1160715
1.1160715
1.1160715
1.1160715
1.1160715
1.1160715
1.1160715
1.1183035
1.1205357
1.1227679
1.125
1.125
1.125
1.125
1.125
1.1272321
1.1294643
1.1316965
1.1339285
1.1339285
1.1339285
1.1361606
1.1383928
1.140625
1.1383928
1.1361606
1.1339285
1.1339285
1.1339285
1.1316965
1.1294643
1.1272321
1.125
1.125
1.125
1.125
1.125
1.1227679
1.1205357
1.1183035
1.1160715
1.1160715
1.1160715
1.1160715
1.1160715
1.1160715
1.1160715
1.1160715
1.1160715
1.1116071
1.1071428
1.1071428
1.1071428
1.1071428
1.1071428
1.1037946
1.1004465
1.0993304
1.0982143
1.0982143
1.0982143
1.0982143
1.0982143
1.09375
1.0892857
1.0892857
1.0892857
1.0892857
1.0892857
1.0892857
1.0892857
1.0892857
1.0892857
1.0881696
1.0870535
1.0837054
1.0803572
1.0803572
1.0803572
1.0803572
1.0803572
1.0803572
1.0803572
1.079241
1.078125
1.0747768
1.0714285
1.0703125
1.0691965
1.0691965
1.0691965
1.0658482
1.0691965
1.0691965
1.0691965
1.0703125
1.0714285
1.0714285
1.0714285
1.0747768
1.078125
1.079241
1.0803572
1.0803572
1.0803572
1.0803572
1.0803572
1.0803572
1.0803572
1.0837054
1.0870535
1.0881696
1.0892857
1.0892857
1.0892857
1.0892857
1.0892857
1.0892857
1.0892857
1.0892857
1.0892857
1.0892857
1.0892857
1.09375
1.0982143
1.0982143
1.0982143
1.0982143
1.0982143
1.09375
1.0892857
1.0892857
1.0892857
1.0892857
1.0892857
1.0892857
1.0892857
1.0892857
1.0892857
1.0892857
1.0892857
1.0892857
1.0892857
1.0892857
1.0892857
1.0892857
1.0892857
1.0892857
1.0892857
1.0892857
1.0892857
1.0892857
1.0892857
1.0892857
1.0892857
1.0892857
1.0892857
1.0892857
1.0892857
1.09375
1.0982143
1.0982143
1.0982143
1.0982143
1.0982143
1.0982143
1.0982143
1.0982143
1.0982143
1.0982143
1.0982143
1.0993304
1.1004465
1.1037946
1.1071428
1.1071428
1.1071428
1.1071428
1.1071428
1.1116071
1.1160715
1.1160715
1.1160715
1.1160715
1.1160715
1.1160715
1.1160715
1.1160715
1.1160715
1.1160715
1.1160715
1.1160715
1.1160715
1.1183035
1.1205357
1.1227679
1.125
1.125
1.125
1.125
1.125
1.125
1.125
1.125
1.125
1.125
1.125
1.125
1.125
1.1272321
1.1294643
1.1316965
1.1339285
1.1339285
1.1339285
1.1316965
1.1294643
1.1272321
1.125
1.1272321
1.125
1.125
1.125
1.125
1.125
1.125
1.125
1.125
1.125
1.125
1.125
1.125
1.125
1.125
1.125
1.125
1.125
1.125
1.125
1.125
1.125
1.125
1.125
1.125
1.125
1.125
1.125
1.125
1.125
1.125
1.125
1.125
1.125
1.125
1.125
1.125
1.125
1.1227679
1.1205357
1.1183035
1.1160715
1.1160715
1.1160715
1.1160715
1.1160715
1.1160715
1.1160715
1.1160715
1.1160715
1.1160715
1.1160715
1.1160715
1.1160715
1.1160715
1.1160715
1.1160715
1.1160715
1.1160715
1.1160715
1.1160715
1.1160715
1.1160715
1.1160715
1.1160715
1.1160715
1.1160715
1.1160715
1.1160715
1.1160715
1.1160715
1.1160715
1.1160715
1.1160715
1.1160715
1.1160715
1.1160715
1.1160715
1.1160715
1.1160715
1.1160715
1.1160715
1.1183035
1.1205357
1.1205357
1.1205357
1.1227679
1.125
1.125
1.125
1.125
1.125
1.125
1.125
1.125
1.125
1.125
1.125
1.125
1.125
1.125
1.125
1.125
1.125
1.125
1.125
1.125
1.125
1.1272321
1.1294643
1.1316965
1.1339285
1.1339285
1.1339285
1.1339285
1.1339285
1.1339285
1.1339285
1.1339285
1.1339285
1.1339285
1.1339285
1.1361606
1.1383928
1.1383928
1.1383928
1.1400669
1.141741
1.1422992
1.1428572
1.1428572
1.1428572
1.1428572
1.1428572
1.1428572
1.1428572
1.1428572
1.1428572
1.1428572
1.1428572
1.1428572
1.1428572
1.1428572
1.1428572
1.1428572
1.1428572
1.1450894
1.1473215
1.1473215
1.1473215
1.1473215
1.1473215
1.1473215
1.1473215
1.1495535
1.1517857
1.1517857
1.1517857
1.1517857
1.1517857
1.1517857
1.1517857
1.1517857
1.1517857
1.1517857
1.1517857
1.1517857
1.1517857
1.1517857
1.1517857
1.1517857
1.1517857
1.1517857
1.1517857
1.1517857
1.1517857
1.1540179
1.15625
1.15625
1.15625
1.1584821
1.1607143
1.1607143
1.1607143
1.1607143
1.1607143
1.1607143
1.1607143
1.1607143
1.1607143
1.1607143
1.1607143
1.1629465
1.1651785
1.1651785
1.1651785
1.1674106
1.1696428
1.1696428
1.1696428
1.1741071
1.1785715
1.1785715
1.1785715
1.1785715
1.1785715
1.1785715
1.1785715
1.1785715
1.1785715
1.1785715
1.1785715
1.1785715
1.1785715
1.1808035
1.1830357
1.1852679
1.1875
1.1875
1.1875
1.1875
1.1875
1.1875
1.1875
1.1875
1.1875
1.1875
1.1875
1.1875
1.1875
1.1875
1.1875
1.1897321
1.1919643
1.1919643
1.1919643
1.1919643
1.1919643
1.1919643
1.1919643
1.1930804
1.1941965
1.1953125
1.1964285
1.1964285
1.1964285
1.1964285
1.1964285
1.1964285
1.1964285
1.1964285
1.1964285
1.1964285
1.1964285
1.1964285
1.1964285
1.1964285
1.1964285
1.1964285
1.1964285
1.1964285
1.1964285
1.1964285
1.1964285
1.1964285
1.1964285
1.1964285
1.1964285
1.1964285
1.1964285
1.1986606
1.2008928
1.2008928
1.2008928
1.202009
1.203125
1.204241
1.2053572
1.2053572
1.2053572
1.2053572
1.2053572
1.2053572
1.2053572
1.2053572
1.2053572
1.2053572
1.2053572
1.2053572
1.2053572
1.2053572
1.2053572
1.2053572
1.2053572
1.2053572
1.2053572
1.2053572
1.2053572
1.2053572
1.2053572
1.2053572
1.2053572
1.2053572
1.2053572
1.2053572
1.2053572
1.2053572
1.2053572
1.2075894
1.2098215
1.2098215
1.2098215
1.2098215
1.2098215
1.2098215
1.2098215
1.2120535
1.2142857
1.2142857
1.2142857
1.2142857
1.2142857
1.2142857
1.2142857
1.2142857
1.2142857
1.2142857
1.2142857
1.2142857
1.2142857
1.2142857
1.2142857
1.2142857
1.2142857
1.2142857
1.2142857
1.2142857
1.2142857
1.2142857
1.2142857
1.2142857
1.2142857
1.2142857
1.2142857
1.2154018
1.2165178
1.217634
1.21875
1.21875
1.21875
1.21875
1.21875
1.219866
1.2209822
1.2220982
1.2232143
1.2232143
1.2232143
1.2232143
1.2232143
1.2232143
1.2232143
1.2232143
1.2232143
1.2232143
1.2232143
1.2232143
1.2232143
1.2232143
1.2232143
1.2232143
1.2232143
1.2232143
1.2232143
1.2232143
1.2232143
1.2232143
1.2232143
1.2232143
1.2232143
1.2254465
1.2276785
1.2276785
1.2276785
1.2299106
1.2321428
1.2321428
1.2321428
1.2321428
1.2321428
1.2321428
1.2321428
1.2321428
1.2321428
1.2321428
1.2321428
1.2321428
1.2321428
1.2321428
1.2321428
1.2321428
1.2321428
1.2321428
1.2321428
1.2321428
1.2321428
1.2321428
1.2321428
1.2321428
1.2321428
1.2321428
1.2321428
1.2321428
1.2321428
1.2321428
1.2321428
1.2321428
1.2321428
1.2321428
1.2321428
1.2321428
1.2321428
1.2321428
1.2321428
1.2321428
1.2321428
1.2321428
1.2321428
1.2321428
1.2321428
1.2321428
1.2321428
1.2321428
1.2321428
1.2321428
1.2321428
1.2321428
1.2321428
1.2321428
1.2321428
1.2321428
1.2321428
1.2321428
1.2321428
1.2321428
1.2321428
1.2321428
1.2321428
1.2321428
1.2321428
1.2321428
1.2321428
1.2321428
1.2321428
1.2321428
1.2321428
1.2321428
1.2321428
1.2321428
1.2321428
1.2321428
1.2321428
1.2321428
1.2321428
1.2321428
1.2321428
1.2299106
1.2276785
1.2276785
1.2276785
1.2276785
1.2276785
1.2254465
1.2232143
1.2232143
1.2232143
1.2232143
1.2232143
1.2232143
1.2232143
1.2232143
1.2232143
1.2232143
1.2232143
1.2232143
1.2232143
1.2232143
1.2232143
1.2232143
1.2232143
1.2232143
1.2232143
1.2232143
1.2232143
1.2232143
1.2232143
1.2232143
1.2232143
1.2232143
1.2232143
1.2220982
1.2209822
1.219866
1.21875
1.21875
1.21875
1.21875
1.21875
1.217634
1.2165178
1.2154018
1.2142857
1.2142857
1.2142857
1.2142857
1.2142857
1.2142857
1.2142857
1.2142857
1.2142857
1.2142857
1.2142857
1.2142857
1.2142857
1.2142857
1.2142857
1.2142857
1.2142857
1.2142857
1.2142857
1.2142857
1.2142857
1.2142857
1.2142857
1.2142857
1.2142857
1.2142857
1.2142857
1.2142857
1.2142857
1.2120535
1.2098215
1.2098215
1.2098215
1.2098215
1.2098215
1.2098215
1.2098215
1.2075894
1.2053572
1.2053572
1.2053572
1.2053572
1.2053572
1.2053572
1.2053572
1.2053572
1.2053572
1.2053572
1.2053572
1.2053572
1.2053572
1.2053572
1.2053572
1.2053572
1.2053572
1.2053572
1.2053572
1.2053572
1.2053572
1.2053572
1.2053572
1.2053572
1.2053572
1.2053572
1.2053572
1.2053572
1.2053572
1.2053572
1.2053572
1.204241
1.203125
1.202009
1.2008928
1.2008928
1.2008928
1.2008928
1.2008928
1.1986606
1.1964285
1.1964285
1.1964285
1.1964285
1.1964285
1.1964285
1.1964285
1.1964285
1.1964285
1.1964285
1.1964285
1.1964285
1.1964285
1.1964285
1.1964285
1.1964285
1.1964285
1.1964285
1.1964285
1.1964285
1.1964285
1.1964285
1.1964285
1.1964285
1.1964285
1.1964285
1.1964285
1.1953125
1.1941965
1.1930804
1.1919643
1.1919643
1.1919643
1.1919643
1.1919643
1.1919643
1.1919643
1.1919643
1.1919643
1.1919643
1.1919643
1.1897321
1.1875
1.1875
1.1875
1.1875
1.1875
1.1875
1.1875
1.1875
1.1875
1.1875
1.1875
1.1875
1.1875
1.1875
1.1875
1.1875
1.1875
1.1852679
1.1830357
1.1808035
1.1785715
1.1785715
1.1785715
1.1785715
1.1785715
1.1785715
1.1785715
1.1785715
1.1785715
1.1785715
1.1785715
1.1785715
1.1785715
1.1763394
1.1741072
1.1741072
1.1741072
1.171875
1.1696428
1.1696428
1.1696428
1.1696428
1.1696428
1.1696428
1.1696428
1.1674106
1.1651785
1.1651785
1.1651785
1.1629465
1.1607143
1.1607143
1.1607143
1.1607143
1.1607143
1.1607143
1.1607143
1.1607143
1.1607143
1.1607143
1.1607143
1.1607143
1.1607143
1.1584821
1.15625
1.15625
1.15625
1.15625
1.15625
1.15625
1.15625
1.1540179
1.1517857
1.1517857
1.1517857
1.1517857
1.1517857
1.1517857
1.1517857
1.1517857
1.1517857
1.1517857
1.1517857
1.1517857
1.1517857
1.1517857
1.1517857
1.1517857
1.1517857
1.1517857
1.1517857
1.1517857
1.1517857
1.1517857
1.1517857
1.1517857
1.1517857
1.1495535
1.1473215
1.1473215
1.1473215
1.1473215
1.1473215
1.1473215
1.1473215
1.1450894
1.1428572
1.1428572
1.1428572
1.1428572
1.1428572
1.1428572
1.1428572
1.1428572
1.1428572
1.1428572
1.1428572
1.1428572
1.1428572
1.1428572
1.1428572
1.1428572
1.1428572
1.1428572
1.1428572
1.1422992
1.141741
1.1400669
1.1383928
1.1383928
1.1383928
1.1361606
1.1339285
1.1339285
1.1339285
1.1339285
1.1339285
1.1339285
1.1339285
1.1339285
1.1339285
1.1339285
1.1339285
1.1339285
1.1339285
1.1316965
1.1294643
1.1272321
1.125
1.125
1.125
1.125
1.125
1.125
1.125
1.125
1.125
1.125
1.125
1.125
1.125
1.125
1.125
1.125
1.125
1.125
1.125
1.125
1.125
1.1227679
1.1205357
1.1205357
1.1205357
1.1183035
1.1160715
1.1160715
1.1160715
1.1160715
1.1160715
1.1160715
1.1160715
1.1160715
1.1160715
1.1160715
1.1160715
1.1160715
1.1160715
1.1160715
1.1160715
1.1160715
1.1160715
1.1160715
1.1160715
1.1160715
1.1160715
1.1160715
1.1160715
1.1160715
1.1160715
1.1116071
1.1071428
1.1071428
1.1071428
1.1071428
1.1071428
1.1071428
1.1071428
1.1071428
1.1071428
1.1037946
1.1004465
1.0993304
1.0982143
1.0982143
1.0982143
1.0982143
1.0982143
1.0982143
1.0982143
1.0982143
1.0982143
1.0982143
1.0982143
1.0982143
1.0982143
1.0982143
1.0982143
1.0982143
1.0982143
1.09375
1.0892857
1.0892857
1.0892857
1.0892857
1.0892857
1.0892857
1.0892857
1.0892857
1.0892857
1.0892857
1.0892857
1.0892857
1.0892857
1.0892857
1.0892857
1.0892857
1.0892857
1.0892857
1.0892857
1.0892857
1.0892857
1.0892857
1.0892857
1.0881696
1.0870535
1.0837054
1.0803572
1.0803572
1.0803572
1.0803572
1.0803572
1.0803572
1.0803572
1.0803572
1.0803572
1.0803572
1.0803572
1.0803572
1.0803572
1.0803572
1.0803572
1.0803572
1.0803572
1.079241
1.078125
1.077009
1.0758928
1.0758928
1.0758928
1.0736606
1.0714285
1.0714285
1.0714285
1.0714285
1.0714285
1.0714285
1.0714285
1.0714285
1.0714285
1.0714285
1.0714285
1.0703125
1.0691965
1.0691965
1.0691965
1.0680804
1.0669643
1.0647321
1.0625
1.0625
1.0625
1.0625
1.0625
1.0625
1.0625
1.0625
1.0625
1.0625
1.0625
1.0625
1.0625
1.0625
1.0625
1.0625
1.0625
1.0625
1.0625
1.0625
1.0625
1.0625
1.0625
1.0625
1.0625
1.0625
1.0625
1.0625
1.0625
1.061384
1.0602678
1.0591518
1.0580357
1.0580357
1.0580357
1.0580357
1.0580357
1.0569196
1.0558035
1.0546875
1.0535715
1.0535715
1.0535715
1.0535715
1.0535715
1.0535715
1.0535715
1.0491071
1.0446428
1.0446428
1.0446428
1.0446428
1.0446428
1.0446428
1.0446428
1.0446428
1.0446428
1.0424106
1.0401785
1.0379465
1.0357143
1.0357143
1.0357143
1.0357143
1.0357143
1.0334821
1.03125
1.03125
1.03125
1.03125
1.03125
1.03125
1.03125
1.0290179
1.0267857
1.0267857
1.0267857
1.0267857
1.0267857
1.0290179
1.03125
1.03125
1.03125
1.0290179
1.0267857
1.0267857
1.0267857
1.0267857
1.0267857
1.0267857
1.0267857
1.0290179
1.03125
1.03125
1.03125
1.03125
1.03125
1.03125
1.03125
1.0334821
1.0357143
1.0357143
1.0357143
1.0334821
1.03125
1.03125
1.03125
1.03125
1.03125
1.03125
1.03125
1.0290179
1.0267857
1.0267857
1.0267857
1.0267857
1.0267857
1.0267857
1.0267857
1.0267857
1.0267857
1.0267857
1.0267857
1.0267857
1.0267857
1.0267857
1.0267857
1.0267857
1.0267857
1.0267857
1.0267857
1.0267857
1.0267857
1.0267857
1.0267857
1.0267857
1.0267857
1.0279018
1.0290178
1.0290178
1.0290178
1.0290178
1.0290178
1.030134
1.03125
1.03125
1.03125
1.03125
1.03125
1.03125
1.03125
1.0334821
1.0357143
1.0357143
1.0357143
1.0357143
1.0357143
1.0357143
1.0357143
1.0357143
1.0357143
1.0357143
1.0357143
1.0379465
1.0401785
1.0401785
1.0401785
1.0424106
1.0446428
1.0446428
1.0446428
1.0446428
1.0446428
1.0446428
1.0446428
1.0446428
1.0446428
1.047991
1.0513393
1.0524554
1.0535715
1.0535715
1.0535715
1.0535715
1.0535715
1.0535715
1.0535715
1.0535715
1.0535715
1.0535715
1.0535715
1.0546875
1.0558035
1.0558035
1.0558035
1.0569196
1.0580357
1.0580357
1.0580357
1.0580357
1.0580357
1.0580357
1.0580357
1.0591518
1.0602678
1.0602678
1.0602678
1.061384
1.0625
1.0625
1.0625
1.0625
1.0625
1.0625
1.0625
1.0625
1.0625
1.0625
1.0625
1.0625
1.0625
1.0625
1.0625
1.0625
1.0625
1.0625
1.0625
1.0625
1.0625
1.0625
1.0625
1.0625
1.0625
1.0625
1.0625
1.0625
1.0625
1.0647321
1.0669643
1.0669643
1.0669643
1.0669643
1.0669643
1.0680804
1.0691965
1.0691965
1.0691965
1.0703125
1.0714285
1.0714285
1.0714285
1.0714285
1.0714285
1.0714285
1.0714285
1.0714285
1.0714285
1.0714285
1.0714285
1.0714285
1.0714285
1.0725446
1.0736607
1.0747768
1.0758928
1.0758928
1.0758928
1.077009
1.078125
1.079241
1.0803572
1.0803572
1.0803572
1.0803572
1.0803572
1.0803572
1.0803572
1.0803572
1.0803572
1.0803572
1.0803572
1.0803572
1.0803572
1.0803572
1.0803572
1.0803572
1.0803572
1.0825894
1.0848215
1.0848215
1.0848215
1.0859375
1.0870535
1.0870535
1.0870535
1.0870535
1.0870535
1.0881696
1.0892857
1.0892857
1.0892857
1.0892857
1.0892857
1.0892857
1.0892857
1.0892857
1.0892857
1.0892857
1.0892857
1.0892857
1.0892857
1.0892857
1.0892857
1.0892857
1.0892857
1.0892857
1.0892857
1.0892857
1.0892857
1.0892857
1.0892857
1.0892857
1.0892857
1.0915179
1.09375
1.0959821
1.0982143
1.0982143
1.0982143
1.0982143
1.0982143
1.0982143
1.0982143
1.0982143
1.0982143
1.0982143
1.0982143
1.0982143
1.0982143
1.0982143
1.0982143
1.0982143
1.0982143
1.0982143
1.0982143
1.0993304
1.1004465
1.1004465
1.1004465
1.1015625
1.1026785
1.1049106
1.1071428
1.1071428
1.1071428
1.1071428
1.1071428
1.1071428
1.1071428
1.1071428
1.1071428
1.110491
1.1138393
1.1149554
1.1160715
1.1160715
1.1160715
1.1160715
1.1160715
1.1160715
1.1160715
1.1160715
1.1160715
1.1160715
1.1160715
1.1160715
1.1160715
1.1160715
1.1160715
1.1160715
1.1160715
1.1160715
1.1160715
1.1160715
1.1160715
1.1160715
1.1160715
1.1160715
1.1160715
1.1183035
1.1205357
1.1205357
1.1205357
1.1227679
1.125
1.125
1.125
1.125
1.125
1.125
1.125
1.125
1.125
1.125
1.125
1.125
1.125
1.125
1.125
1.125
1.125
1.125
1.125
1.125
1.125
1.1272321
1.1294643
1.1294643
1.1294643
1.1316965
1.1339285
1.1339285
1.1339285
1.1339285
1.1339285
1.1339285
1.1339285
1.1339285
1.1339285
1.1339285
1.1339285
1.1339285
1.1339285
1.1361606
1.1383928
1.1383928
1.1383928
1.1400669
1.141741
1.1422992
1.1428572
1.1428572
1.1428572
1.1428572
1.1428572
1.1428572
1.1428572
1.1428572
1.1428572
1.1428572
1.1428572
1.1428572
1.1428572
1.1428572
1.1428572
1.1428572
1.1428572
1.1428572
1.1428572
1.1450894
1.1473215
1.1473215
1.1473215
1.1473215
1.1473215
1.1473215
1.1473215
1.1495535
1.1517857
1.1517857
1.1517857
1.1517857
1.1517857
1.1517857
1.1517857
1.1517857
1.1517857
1.1517857
1.1517857
1.1517857
1.1517857
1.1517857
1.1517857
1.1517857
1.1517857
1.1517857
1.1517857
1.1517857
1.1517857
1.1517857
1.1517857
1.1517857
1.1517857
1.1540179
1.15625
1.15625
1.15625
1.15625
1.15625
1.15625
1.15625
1.1584821
1.1607143
1.1607143
1.1607143
1.1607143
1.1607143
1.1607143
1.1607143
1.1607143
1.1607143
1.1607143
1.1607143
1.1607143
1.1607143
1.1629465
1.1651785
1.1651785
1.1651785
1.1651785
1.1651785
1.1674106
1.1696428
1.1696428
1.1696428
1.1696428
1.1696428
1.1696428
1.1696428
1.171875
1.1741072
1.1741072
1.1741072
1.1741072
1.1741072
1.1752232
1.1763393
1.1763393
1.1763393
1.1774554
1.1785715
1.1785715
1.1785715
1.1785715
1.1785715
1.1785715
1.1785715
1.1785715
1.1785715
1.1785715
1.1785715
1.1785715
1.1785715
1.1808035
1.1830357
1.1852679
1.1875
1.1875
1.1875
1.1875
1.1875
1.1875
1.1875
1.1875
1.1875
1.1875
1.1875
1.1875
1.1875
1.1875
1.1875
1.1875
1.1875
1.188616
1.1897322
1.1897322
1.1897322
1.1908482
1.1919643
1.1919643
1.1919643
1.1919643
1.1919643
1.1919643
1.1919643
1.1919643
1.1919643
1.1919643
1.1919643
1.1930804
1.1941965
1.1953125
1.1964285
1.1964285
1.1964285
1.1964285
1.1964285
1.1964285
1.1964285
1.1964285
1.1964285
1.1964285
1.1964285
1.1964285
1.1964285
1.1964285
1.1964285
1.1964285
1.1964285
1.1964285
1.1964285
1.1964285
1.1964285
1.1964285
1.1964285
1.1964285
1.1964285
1.1964285
1.1964285
1.1964285
1.1964285
1.1986606
1.2008928
1.2008928
1.2008928
1.2008928
1.2008928
1.2008928
1.2008928
1.2008928
1.2008928
1.202009
1.203125
1.204241
1.2053572
1.2053572
1.2053572
1.2053572
1.2053572
1.2053572
1.2053572
1.2053572
1.2053572
1.2053572
1.2053572
1.2053572
1.2053572
1.2053572
1.2053572
1.2053572
1.2053572
1.2053572
1.2053572
1.2053572
1.2053572
1.2053572
1.2053572
1.2053572
1.2053572
1.2053572
1.2053572
1.2053572
1.2053572
1.2053572
1.2053572
1.2053572
1.2053572
1.2053572
1.2053572
1.2053572
1.2053572
1.2064732
1.2075893
1.2087054
1.2098215
1.2098215
1.2098215
1.2098215
1.2098215
1.2098215
1.2098215
1.2098215
1.2098215
1.2109375
1.2120535
1.2131696
1.2142857
1.2142857
1.2142857
1.2142857
1.2142857
1.2142857
1.2142857
1.2142857
1.2142857
1.2142857
1.2142857
1.2142857
1.2142857
1.2142857
1.2142857
1.2142857
1.2142857
1.2142857
1.2142857
1.2142857
1.2142857
1.2142857
1.2142857
1.2142857
1.2142857
1.2142857
1.2142857
1.2142857
1.2142857
1.2142857
1.2142857
1.2142857
1.2142857
1.2154018
1.2165178
1.217634
1.21875
1.21875
1.21875
1.21875
1.21875
1.21875
1.21875
1.219866
1.2209822
1.2209822
1.2209822
1.2209822
1.2209822
1.2220982
1.2232143
1.2232143
1.2232143
1.2232143
1.2232143
1.2232143
1.2232143
1.2232143
1.2232143
1.2232143
1.2232143
1.2232143
1.2232143
1.2220982
1.2209822
1.2209822
1.2209822
1.2209822
1.2209822
1.219866
1.21875
1.21875
1.21875
1.21875
1.21875
1.21875
1.21875
1.21875
1.21875
1.21875
1.21875
1.21875
1.21875
1.21875
1.21875
1.21875
1.21875
1.219866
1.2209822
1.2209822
1.2209822
1.2209822
1.2209822
1.2220982
1.2232143
1.2232143
1.2232143
1.2232143
1.2232143
1.2232143
1.2232143
1.2232143
1.2232143
1.2232143
1.2232143
1.2232143
1.2232143
1.2232143
1.2232143
1.2232143
1.2232143
1.2232143
1.2232143
1.2232143
1.2232143
1.2232143
1.2232143
1.2232143
1.2232143
1.2232143
1.2232143
1.2243304
1.2254465
1.2254465
1.2254465
1.2265625
1.2276785
1.2276785
1.2276785
1.2276785
1.2276785
1.2276785
1.2276785
1.2276785
1.2276785
1.2276785
1.2276785
1.2287946
1.2299107
1.2299107
1.2299107
1.2299107
1.2299107
1.2310268
1.2321428
1.2321428
1.2321428
1.2321428
1.2321428
1.2321428
1.2321428
1.2321428
1.2321428
1.2321428
1.2321428
1.2321428
1.2321428
1.2321428
1.2321428
1.2321428
1.2321428
1.2321428
1.2321428
1.2321428
1.2321428
1.2321428
1.2321428
1.2321428
1.2321428
1.2321428
1.2321428
1.2321428
1.2321428
1.2321428
1.2321428
1.2321428
1.2321428
1.2321428
1.2321428
1.2321428
1.2321428
1.2321428
1.2321428
1.233259
1.234375
1.235491
1.2366072
1.2366072
1.2366072
1.2366072
1.2366072
1.2366072
1.2366072
1.2377232
1.2388393
1.2388393
1.2388393
1.2399554
1.2410715
1.2410715
1.2410715
1.2410715
1.2410715
1.2410715
1.2410715
1.2410715
1.2410715
1.2410715
1.2410715
1.2410715
1.2410715
1.2410715
1.2410715
1.2410715
1.2410715
1.2410715
1.2410715
1.2410715
1.2410715
1.2410715
1.2410715
1.2410715
1.2410715
1.2410715
1.2410715
1.2410715
1.2410715
1.2410715
1.2410715
1.2410715
1.2410715
1.2410715
1.2410715
1.2410715
1.2410715
1.2410715
1.2410715
1.2410715
1.2410715
1.2410715
1.2410715
1.2421875
1.2433035
1.2433035
1.2433035
1.2433035
1.2433035
1.2444196
1.2455357
1.2444196
1.2455357
1.2444196
1.2433035
1.2433035
1.2433035
1.2433035
1.2433035
1.2421875
1.2410715
1.2410715
1.2410715
1.2410715
1.2410715
1.2410715
1.2410715
1.2410715
1.2410715
1.2410715
1.2410715
1.2410715
1.2410715
1.2410715
1.2410715
1.2410715
1.2410715
1.2421875
1.2433035
1.2433035
1.2433035
1.2433035
1.2433035
1.2444196
1.2455357
1.2455357
1.2455357
1.2455357
1.2455357
1.2455357
1.2455357
1.2455357
1.2455357
1.2455357
1.2455357
1.2455357
1.2455357
1.2455357
1.2455357
1.2455357
1.2455357
1.2455357
1.2455357
1.2455357
1.2455357
1.2477679
1.25
1.25
1.25
1.25
1.25
1.25
1.25
1.25
1.25
1.25
1.25
1.25
1.25
1.25
1.25
1.25
1.25
1.25
1.25
1.25
1.25
1.25
1.25
1.25
1.25
1.25
1.25
1.25
1.25
1.25
1.25
1.25
1.25
1.25
1.25
1.25
1.25
1.25
1.25
1.25
1.25
1.25
1.25
1.25
1.25
1.2522321
1.2544643
1.2544643
1.2544643
1.2544643
1.2544643
1.2544643
1.2544643
1.2544643
1.2544643
1.2544643
1.2544643
1.2544643
1.2544643
1.2544643
1.2544643
1.2544643
1.2544643
1.2544643
1.2544643
1.2555804
1.2566965
1.2578125
1.2589285
1.2589285
1.2589285
1.2589285
1.2589285
1.2589285
1.2589285
1.2589285
1.2589285
1.2589285
1.2589285
1.2589285
1.2589285
1.2589285
1.2589285
1.2589285
1.2589285
1.2589285
1.2589285
1.2589285
1.2589285
1.2589285
1.2589285
1.2589285
1.2589285
1.2589285
1.2589285
1.2589285
1.2589285
1.2594867
1.2600447
1.2606027
1.2611607
1.2622768
1.2633928
1.2633928
1.2633928
1.2633928
1.2633928
1.2633928
1.2633928
1.2633928
1.2633928
1.2633928
1.2633928
1.264509
1.265625
1.2656696
1.2657143
1.2664286
1.2671429
1.2675
1.2678572
1.2678572
1.2678572
1.2678572
1.2678572
1.2678572
1.2678572
1.2678572
1.2678572
1.2678572
1.2678572
1.2678572
1.2678572
1.2678572
1.2678572
1.2678572
1.2678572
1.2678572
1.2678572
1.2678572
1.2678572
1.2678572
1.2678572
1.2678572
1.2678572
1.2678572
1.2678572
1.2678572
1.2678572
1.2678572
1.2678572
1.2678572
1.2678572
1.2678572
1.2678572
1.2678572
1.2678572
1.2678572
1.2678572
1.2678572
1.2678572
1.2678572
1.2678572
1.2678572
1.2678572
1.2678572
1.2678572
1.2678572
1.2678572
1.2675
1.2671429
1.2667857
1.2664286
1.2660714
1.2657143
1.2656696
1.265625
1.264509
1.2633928
1.2633928
1.2633928
1.2633928
1.2633928
1.2633928
1.2633928
1.2633928
1.2633928
1.2633928
1.2633928
1.263125
1.2628572
1.2628572
1.2628572
1.2620089
1.2611607
1.2606027
1.2600447
1.2594867
1.2589285
1.2589285
1.2589285
1.2589285
1.2589285
1.2589285
1.2589285
1.2589285
1.2589285
1.2589285
1.2589285
1.2589285
1.2589285
1.2589285
1.2589285
1.2589285
1.2589285
1.2589285
1.2589285
1.2589285
1.2589285
1.2589285
1.2589285
1.2589285
1.2589285
1.2589285
1.2589285
1.2589285
1.2589285
1.2580357
1.2571429
1.2571429
1.2571429
1.2569196
1.2566965
1.2555804
1.2544643
1.2544643
1.2544643
1.2544643
1.2544643
1.2544643
1.2544643
1.2544643
1.2544643
1.2544643
1.2544643
1.2544643
1.2544643
1.2544643
1.2544643
1.2544643
1.2544643
1.2544643
1.2544643
1.2522321
1.25
1.25
1.25
1.25
1.25
1.25
1.25
1.25
1.25
1.25
1.25
1.25
1.25
1.25
1.25
1.25
1.25
1.25
1.25
1.25
1.25
1.25
1.25
1.25
1.25
1.25
1.25
1.25
1.25
1.25
1.25
1.25
1.25
1.25
1.25
1.25
1.25
1.25
1.25
1.25
1.25
1.25
1.25
1.25
1.25
1.2496428
1.2492857
1.2474108
1.2455357
1.2455357
1.2455357
1.2455357
1.2455357
1.2455357
1.2455357
1.2455357
1.2455357
1.2455357
1.2455357
1.2455357
1.2455357
1.2455357
1.2455357
1.2455357
1.2455357
1.2455357
1.2455357
1.2455357
1.2455357
1.2444196
1.2433035
1.2433035
1.2433035
1.2433035
1.2433035
1.2423661
1.2414286
1.24125
1.2410715
1.2410715
1.2410715
1.2410715
1.2410715
1.2410715
1.2410715
1.2410715
1.2410715
1.2410715
1.2410715
1.2410715
1.2410715
1.2410715
1.2410715
1.2410715
1.2410715
1.2410715
1.2410715
1.2410715
1.2410715
1.2410715
1.2410715
1.2410715
1.2410715
1.2410715
1.2410715
1.2410715
1.2410715
1.2410715
1.2410715
1.2410715
1.2410715
1.2410715
1.2410715
1.2410715
1.2410715
1.2410715
1.2410715
1.2410715
1.2410715
1.2410715
1.2410715
1.2410715
1.2410715
1.2410715
1.2410715
1.2410715
1.2410715
1.2410715
1.2410715
1.24125
1.2414286
1.2423661
1.2433035
1.2433035
1.2433035
1.2433035
1.2433035
1.2444196
1.2455357
1.2455357
1.2455357
1.2455357
1.2455357
1.2455357
1.2455357
1.2455357
1.2455357
1.2455357
1.2455357
1.2455357
1.2455357
1.2455357
1.2455357
1.2455357
1.2455357
1.2455357
1.2455357
1.2455357
1.2455357
1.2474108
1.2492857
1.2496428
1.25
1.25
1.25
1.25
1.25
1.25
1.25
1.25
1.25
1.25
1.25
1.25
1.25
1.25
1.25
1.25
1.25
1.25
1.25
1.25
1.25
1.25
1.25
1.25
1.25
1.25
1.25
1.25
1.25
1.25
1.25
1.25
1.25
1.25
1.25
1.25
1.25
1.25
1.25
1.25
1.25
1.25
1.25
1.25
1.25
1.2503572
1.2507143
1.2525892
1.2544643
1.2544643
1.2544643
1.2544643
1.2544643
1.2544643
1.2544643
1.2544643
1.2544643
1.2544643
1.2544643
1.2544643
1.2544643
1.2544643
1.2544643
1.2544643
1.2544643
1.2544643
1.2544643
1.2555804
1.2566965
1.2569196
1.2571429
1.2571429
1.2571429
1.2580357
1.2589285
1.2589285
1.2589285
1.2589285
1.2589285
1.2589285
1.2589285
1.2589285
1.2589285
1.2589285
1.2589285
1.2589285
1.2589285
1.2589285
1.2589285
1.2589285
1.2589285
1.2589285
1.2589285
1.2589285
1.2589285
1.2589285
1.2589285
1.2589285
1.2589285
1.2589285
1.2589285
1.2589285
1.2589285
1.2594867
1.2600447
1.2606027
1.2611607
1.2616518
1.2621429
1.2625
1.2628572
1.2628572
1.2628572
1.263125
1.2633928
1.2633928
1.2633928
1.2633928
1.2633928
1.2633928
1.2633928
1.2633928
1.2633928
1.2633928
1.2633928
1.264509
1.265625
1.2656696
1.2657143
1.2660714
1.2664286
1.2667857
1.2671429
1.2671429
1.2671429
1.2675
1.2678572
1.2678572
1.2678572
1.2678572
1.2678572
1.2678572
1.2678572
1.2678572
1.2678572
1.2678572
1.2678572
1.2678572
1.2678572
1.2678572
1.2678572
1.2678572
1.2678572
1.2678572
1.2678572
1.2678572
1.2678572
1.2678572
1.2678572
1.2678572
1.2678572
1.2678572
1.2678572
1.2678572
1.2678572
1.2678572
1.2678572
1.2689732
1.2700893
1.2700893
1.2700893
1.2704017
1.2707143
1.2715179
1.2723215
1.2723215
1.2723215
1.2723215
1.2723215
1.2723215
1.2723215
1.2723215
1.2723215
1.2723215
1.2723215
1.2723215
1.2723215
1.2723215
1.2723215
1.2725893
1.2728572
1.2737054
1.2745535
1.2756696
1.2767857
1.2767857
1.2767857
1.2767857
1.2767857
1.2767857
1.2767857
1.2767857
1.2767857
1.2767857
1.2767857
1.2767857
1.2767857
1.2767857
1.2767857
1.2767857
1.2767857
1.2767857
1.2767857
1.2767857
1.2767857
1.2767857
1.2767857
1.2767857
1.2767857
1.2767857
1.2767857
1.2769643
1.2771429
1.2771429
1.2771429
1.2778572
1.2785715
1.2787946
1.2790178
1.2790178
1.2790178
1.280134
1.28125
1.28125
1.28125
1.28125
1.28125
1.28125
1.28125
1.28125
1.28125
1.2816964
1.2821429
1.2828126
1.2834822
1.2845982
1.2857143
1.2857143
1.2857143
1.2857143
1.2857143
1.2857143
1.2857143
1.2857143
1.2857143
1.2857143
1.2857143
1.2857143
1.2857143
1.2857143
1.2857143
1.2857143
1.2857143
1.2857143
1.2857143
1.2857143
1.2857143
1.2857143
1.2857143
1.2857143
1.2857143
1.2857143
1.2857143
1.2857143
1.2857143
1.2857143
1.2857143
1.2868304
1.2879465
1.2879465
1.2879465
1.2879465
1.2879465
1.2879465
1.2879465
1.288259
1.2885715
1.2893751
1.2901785
1.2901785
1.2901785
1.2901785
1.2901785
1.2901785
1.2901785
1.2901785
1.2901785
1.2901785
1.2901785
1.2901785
1.2901785
1.2904464
1.2907143
1.2910714
1.2914286
1.2917857
1.2921429
1.2922769
1.2924107
1.292634
1.2928572
1.29375
1.2946428
1.2946428
1.2946428
1.2946428
1.2946428
1.2946428
1.2946428
1.2946428
1.2946428
1.2946428
1.2946428
1.2946428
1.2946428
1.2946428
1.2946428
1.2946428
1.2946428
1.2946428
1.2946428
1.2946428
1.2946428
1.2946428
1.2946428
1.2946428
1.2946428
1.2946428
1.2946428
1.2946428
1.2946428
1.2946428
1.2946428
1.2946428
1.2946428
1.2951785
1.2957143
1.2964286
1.2971429
1.2975
1.2978572
1.297924
1.297991
1.2982812
1.2985715
1.2985715
1.2985715
1.2988393
1.2991072
1.2991072
1.2991072
1.2991072
1.2991072
1.2991072
1.2991072
1.2991072
1.2991072
1.2991072
1.2991072
1.2991072
1.2991072
1.2995536
1.3
1.3006697
1.3013393
1.3017411
1.3021429
1.3021429
1.3021429
1.3025
1.3028572
1.3032143
1.3035715
1.3035715
1.3035715
1.3035715
1.3035715
1.3035715
1.3035715
1.3035715
1.3035715
1.3035715
1.3035715
1.3035715
1.3035715
1.3035715
1.3035715
1.3035715
1.3035715
1.3035715
1.3035715
1.3035715
1.3035715
1.3035715
1.3035715
1.3035715
1.3035715
1.3035715
1.3035715
1.3042858
1.305
1.3057142
1.3064286
1.3064286
1.3064286
1.3072321
1.3080357
1.3080357
1.3080357
1.3080357
1.3080357
1.3080357
1.3080357
1.3080357
1.3080357
1.3080357
1.3080357
1.3080357
1.3080357
1.3080357
1.3080357
1.3090179
1.31
1.3101339
1.3102678
1.3104911
1.3107142
1.3116071
1.3125
1.3125
1.3125
1.3125
1.3125
1.3125
1.3125
1.3125
1.3125
1.3125
1.3125
1.3125
1.3125
1.3125
1.3125
1.3125
1.3125
1.3125
1.3125
1.3125
1.3125
1.3125
1.3125
1.3125
1.3125
1.3125
1.3125
1.3125
1.3125
1.3125
1.3125
1.3125
1.3125
1.3125
1.3125
1.3125
1.3125
1.3125
1.3125
1.3125
1.3125
1.3126786
1.3128572
1.3135715
1.3142858
1.3142858
1.3142858
1.3142858
1.3142858
1.3142858
1.3142858
1.3145089
1.3147322
1.3147322
1.3147322
1.3147322
1.3147322
1.3148661
1.315
1.3159821
1.3169643
1.3169643
1.3169643
1.3169643
1.3169643
1.3169643
1.3169643
1.3169643
1.3169643
1.3169643
1.3169643
1.3169643
1.3169643
1.3169643
1.3169643
1.3169643
1.3169643
1.3174107
1.3178571
1.3182143
1.3185714
1.3188839
1.3191965
1.3191965
1.3191965
1.3203125
1.3214285
1.3214285
1.3214285
1.3214285
1.3214285
1.3214285
1.3214285
1.3214285
1.3214285
1.3214285
1.3214285
1.3214285
1.3214285
1.3214285
1.3214285
1.3214285
1.3214285
1.3214285
1.3214285
1.3214285
1.3214285
1.3214285
1.3214285
1.3214285
1.3214285
1.3214285
1.3214285
1.3214285
1.3214285
1.3214285
1.3214285
1.3214285
1.3214285
1.3214285
1.3214285
1.3214285
1.3214285
1.3214285
1.3214285
1.3214285
1.3214285
1.3214285
1.3214285
1.3214285
1.3214285
1.3214285
1.3214285
1.3214285
1.3214285
1.3214285
1.3214285
1.3214285
1.3214285
1.3214285
1.3214285
1.3214285
1.3214285
1.3225446
1.3236607
1.3236607
1.3236607
1.3236607
1.3236607
1.3247768
1.3258928
1.3258928
1.3258928
1.3258928
1.3258928
1.3258928
1.3258928
1.3258928
1.3258928
1.3258928
1.3258928
1.3261607
1.3264285
1.3272767
1.328125
1.3283482
1.3285714
1.3285714
1.3285714
1.3289286
1.3292857
1.3296429
1.33
1.3301786
1.3303572
1.3303572
1.3303572
1.3303572
1.3303572
1.3303572
1.3303572
1.3303572
1.3303572
1.3303572
1.3303572
1.3303572
1.3303572
1.3303572
1.3303572
1.3303572
1.3303572
1.3303572
1.3303572
1.3303572
1.3303572
1.3303572
1.3303572
1.3303572
1.3303572
1.3303572
1.3303572
1.3303572
1.3303572
1.3303572
1.3303572
1.3303572
1.3303572
1.3303572
1.3303572
1.33125
1.3321428
1.3325
1.3328571
1.3332143
1.3335714
1.3341964
1.3348215
1.3348215
1.3348215
1.3348215
1.3348215
1.3348215
1.3348215
1.3348215
1.3348215
1.3359375
1.3370535
1.3370535
1.3370535
1.3378124
1.3385714
1.3386495
1.3387277
1.3390067
1.3392857
1.3392857
1.3392857
1.3392857
1.3392857
1.3392857
1.3392857
1.3392857
1.3392857
1.3392857
1.3392857
1.3392857
1.3392857
1.3392857
1.3392857
1.3392857
1.3392857
1.3392857
1.3392857
1.3392857
1.3392857
1.3392857
1.3392857
1.3392857
1.3392857
1.3392857
1.3392857
1.3392857
1.3392857
1.3392857
1.3392857
1.3392857
1.3392857
1.3392857
1.3392857
1.3392857
1.3392857
1.3392857
1.3392857
1.3392857
1.3392857
1.3392857
1.3392857
1.3392857
1.3392857
1.3392857
1.3392857
1.3392857
1.3392857
1.3392857
1.3392857
1.3392857
1.3392857
1.3392857
1.3392857
1.3392857
1.3392857
1.3392857
1.3392857
1.3392857
1.3392857
1.3403571
1.3414285
1.3417857
1.3421428
1.3425
1.3428571
1.3433036
1.34375
1.34375
1.34375
1.34375
1.34375
1.34375
1.34375
1.34375
1.34375
1.34375
1.34375
1.34375
1.34375
1.344375
1.345
1.3453572
1.3457143
1.3458483
1.3459822
1.3459822
1.3459822
1.3462054
1.3464285
1.3467857
1.3471428
1.3476785
1.3482143
1.3482143
1.3482143
1.3482143
1.3482143
1.3482143
1.3482143
1.3482143
1.3482143
1.3482143
1.3482143
1.3482143
1.3482143
1.3482143
1.3482143
1.3482143
1.3482143
1.3482143
1.3482143
1.3482143
1.3482143
1.3482143
1.3482143
1.3482143
1.3482143
1.3482143
1.3482143
1.3482143
1.3482143
1.3491071
1.35
1.3502233
1.3504465
1.3512946
1.3521428
1.3524107
1.3526785
1.3526785
1.3526785
1.3526785
1.3526785
1.3526785
1.3526785
1.3526785
1.3526785
1.3526785
1.3526785
1.3526785
1.3526785
1.3526785
1.3526785
1.3526785
1.3526785
1.3526785
1.3526785
1.3526785
1.3526785
1.3527678
1.3528571
1.3532143
1.3535714
1.3542411
1.3549107
1.3549554
1.355
1.3560715
1.3571428
1.3571428
1.3571428
1.3571428
1.3571428
1.3571428
1.3571428
1.3571428
1.3571428
1.3571428
1.3571428
1.3571428
1.3571428
1.3571428
1.3571428
1.3571428
1.3571428
1.3571428
1.3571428
1.3571428
1.3571428
1.3571428
1.3571428
1.3571428
1.3571428
1.3571428
1.3571428
1.3571428
1.3571428
1.3571428
1.3571428
1.3575
1.3578571
1.3586161
1.359375
1.359375
1.359375
1.359375
1.359375
1.360491
1.3616072
1.3616072
1.3616072
1.3616072
1.3616072
1.3616072
1.3616072
1.3616072
1.3616072
1.3616072
1.3616072
1.3616072
1.3616072
1.3616072
1.3616072
1.3616072
1.3616072
1.361875
1.3621428
1.3625
1.3628571
1.3632143
1.3635714
1.3637054
1.3638393
1.3649554
1.3660715
1.3660715
1.3660715
1.3660715
1.3660715
1.3660715
1.3660715
1.3660715
1.3660715
1.3660715
1.3660715
1.3660715
1.3660715
1.3660715
1.3660715
1.3660715
1.3660715
1.3660715
1.3660715
1.3660715
1.3660715
1.3660715
1.3660715
1.3660715
1.3660715
1.3660715
1.3660715
1.3660715
1.3660715
1.3660715
1.3660715
1.3660715
1.3660715
1.3660715
1.3660715
1.3660715
1.3660715
1.3660715
1.3660715
1.3660715
1.3660715
1.3663504
1.3666295
1.3668861
1.3671429
1.3675001
1.3678571
1.3680804
1.3683035
1.3687947
1.3692857
1.3696429
1.37
1.3702679
1.3705357
1.3705357
1.3705357
1.3705357
1.3705357
1.3705357
1.3705357
1.3705357
1.3705357
1.3705357
1.3705357
1.3705357
1.3705357
1.3705357
1.3705357
1.3705357
1.3705357
1.3713393
1.3721429
1.3724554
1.3727678
1.373884
1.375
1.375
1.375
1.375
1.375
1.375
1.375
1.375
1.375
1.375
1.375
1.375
1.375
1.375
1.375
1.375
1.375
1.375
1.375
1.375
1.375
1.375
1.375
1.375
1.375
1.375
1.375
1.375
1.375
1.375
1.375
1.375
1.375
1.375
1.375
1.375
1.375
1.375
1.375
1.375
1.375
1.375
1.375
1.375
1.375
1.376116
1.3772322
1.3775446
1.3778571
1.3782142
1.3785714
1.3785714
1.3785714
1.3789285
1.3792857
1.379375
1.3794643
1.3794643
1.3794643
1.3794643
1.3794643
1.3794643
1.3794643
1.3797321
1.38
1.38
1.38
1.3803571
1.3807143
1.3812053
1.3816965
1.3816965
1.3816965
1.3822768
1.3828571
1.3828571
1.3828571
1.3833928
1.3839285
1.3839285
1.3839285
1.3839285
1.3839285
1.3839285
1.3839285
1.3839285
1.3839285
1.3839285
1.3839285
1.3839285
1.3839285
1.3839285
1.3839285
1.3839285
1.3839285
1.3839285
1.3839285
1.3839285
1.3839285
1.3839285
1.3839285
1.3839285
1.3839285
1.3839285
1.3839285
1.3839285
1.3839285
1.3839285
1.3839285
1.3839285
1.3839285
1.3844643
1.385
1.3853571
1.3857143
1.3857143
1.3857143
1.3859375
1.3861607
1.3866518
1.3871429
1.3871429
1.3871429
1.3877678
1.3883928
1.3883928
1.3883928
1.3883928
1.3883928
1.3883928
1.3883928
1.3883928
1.3883928
1.3883928
1.3883928
1.3883928
1.3883928
1.3883928
1.3883928
1.389509
1.390625
1.390625
1.390625
1.3910267
1.3914286
1.3921429
1.3928572
1.3928572
1.3928572
1.3928572
1.3928572
1.3928572
1.3928572
1.3928572
1.3928572
1.3928572
1.3928572
1.3928572
1.3928572
1.3928572
1.3928572
1.3928572
1.3928572
1.3928572
1.3928572
1.3928572
1.3928572
1.3928572
1.3928572
1.3928572
1.3928572
1.3928572
1.3928572
1.3928572
1.3928572
1.3928572
1.3928572
1.3928572
1.3928572
1.3928572
1.3928572
1.3928572
1.3928572
1.3928572
1.3928572
1.3939732
1.3950893
1.3957589
1.3964286
1.396875
1.3973215
1.3973215
1.3973215
1.3973215
1.3973215
1.3973215
1.3973215
1.3973215
1.3973215
1.3973215
1.3973215
1.3979464
1.3985714
1.3990624
1.3995535
1.3995535
1.3995535
1.4001338
1.4007143
1.4010714
1.4014286
1.4016072
1.4017857
1.4017857
1.4017857
1.4017857
1.4017857
1.4017857
1.4017857
1.4017857
1.4017857
1.4017857
1.4017857
1.4017857
1.4017857
1.4017857
1.4017857
1.4017857
1.4017857
1.4017857
1.4017857
1.4017857
1.4017857
1.4017857
1.4017857
1.4017857
1.4017857
1.4017857
1.4017857
1.4017857
1.4017857
1.4017857
1.4017857
1.4017857
1.4017857
1.4017857
1.4017857
1.4017857
1.4017857
1.4017857
1.4017857
1.4017857
1.4017857
1.4017857
1.4017857
1.4017857
1.4017857
1.4029018
1.4040178
1.4041517
1.4042857
1.4046428
1.405
1.405
1.405
1.405625
1.40625
1.40625
1.40625
1.40625
1.40625
1.40625
1.40625
1.40625
1.40625
1.40625
1.40625
1.40625
1.40625
1.40625
1.40625
1.40625
1.40625
1.40625
1.40625
1.40625
1.40625
1.40625
1.40625
1.40625
1.40625
1.4063393
1.4064286
1.4067857
1.4071429
1.4078126
1.4084822
1.4095982
1.4107143
1.4107143
1.4107143
1.4107143
1.4107143
1.4107143
1.4107143
1.4107143
1.4107143
1.4107143
1.4107143
1.4107143
1.4107143
1.4107143
1.4107143
1.4107143
1.4107143
1.4107143
1.4107143
1.4107143
1.4107143
1.4107143
1.4107143
1.4107143
1.4107143
1.4107143
1.4107143
1.4107143
1.4107143
1.4107143
1.4107143
1.4107143
1.4107143
1.4107143
1.4107143
1.4107143
1.4107143
1.4107143
1.4107143
1.4107143
1.4107143
1.4107143
1.4107143
1.4107143
1.4107143
1.4107143
1.4107143
1.4107143
1.4107143
1.4107143
1.4107143
1.4107143
1.4107143
1.4107143
1.4107143
1.4117857
1.4128572
1.4129019
1.4129465
1.4129465
1.4129465
1.4129465
1.4129465
1.4129465
1.4129465
1.4136161
1.4142857
1.4142857
1.4142857
1.4147321
1.4151785
1.4151785
1.4151785
1.4151785
1.4151785
1.4151785
1.4151785
1.4151785
1.4151785
1.4151785
1.4151785
1.4151785
1.4151785
1.4151785
1.4151785
1.4151785
1.4151785
1.4151785
1.4151785
1.4151785
1.4151785
1.4151785
1.4151785
1.4151785
1.4151785
1.4151785
1.4151785
1.417232
1.4192857
1.4194642
1.4196428
1.4196428
1.4196428
1.4196428
1.4196428
1.4196428
1.4196428
1.4196428
1.4196428
1.4196428
1.4196428
1.4196428
1.4196428
1.4196428
1.4196428
1.4196428
1.4196428
1.4196428
1.4196428
1.4196428
1.4196428
1.4196428
1.4196428
1.4196428
1.4196428
1.4196428
1.4196428
1.4196428
1.4196428
1.4196428
1.4196428
1.4196428
1.4196428
1.4196428
1.4196428
1.4196428
1.4196428
1.4196428
1.4196428
1.4196428
1.4196428
1.4196428
1.4196428
1.4196428
1.4196428
1.4196428
1.4196428
1.4196428
1.4196428
1.4196428
1.4196428
1.4196428
1.4196428
1.4201785
1.4207143
1.4207143
1.4207143
1.4210714
1.4214286
1.4214286
1.4214286
1.4214286
1.4214286
1.4221429
1.4228572
1.4232143
1.4235715
1.4238393
1.4241072
1.4241072
1.4241072
1.4241072
1.4241072
1.4241072
1.4241072
1.4241072
1.4241072
1.4241072
1.4241072
1.4241072
1.4241072
1.4241072
1.4241072
1.4241072
1.4241072
1.4241072
1.4241072
1.4241072
1.4241072
1.4241072
1.4241072
1.4241072
1.4241072
1.4241072
1.4241072
1.4241072
1.4241072
1.4241965
1.4242858
1.4246428
1.425
1.425
1.425
1.4267857
1.4285715
1.4285715
1.4285715
1.4285715
1.4285715
1.4285715
1.4285715
1.4285715
1.4285715
1.4285715
1.4285715
1.4285715
1.4285715
1.4285715
1.4285715
1.4285715
1.4285715
1.4285715
1.4285715
1.4285715
1.4285715
1.4285715
1.4285715
1.4285715
1.4285715
1.4285715
1.4285715
1.4285715
1.4285715
1.4285715
1.4285715
1.4285715
1.4285715
1.4285715
1.4285715
1.4285715
1.4285715
1.4285715
1.4285715
1.4285715
1.4285715
1.4285715
1.4285715
1.4285715
1.4285715
1.4285715
1.4285715
1.4285715
1.4285715
1.4285715
1.4285715
1.4285715
1.4285715
1.4285715
1.4285715
1.4285715
1.4285715
1.4285715
1.4285715
1.4303572
1.4321429
1.4321429
1.4321429
1.4325
1.4328572
1.4329464
1.4330357
1.4330357
1.4330357
1.4330357
1.4330357
1.4330357
1.4330357
1.4330357
1.4330357
1.4330357
1.4330357
1.4330357
1.4330357
1.4330357
1.4330357
1.4330357
1.4330357
1.4330357
1.4330357
1.4333036
1.4335715
1.4342856
1.435
1.4351339
1.4352678
1.436384
1.4375
1.4375
1.4375
1.4375
1.4375
1.4375
1.4375
1.4375
1.4375
1.4375
1.4375
1.4375
1.4375
1.4375
1.4375
1.4375
1.4375
1.4375
1.4375
1.4375
1.4375
1.4375
1.4375
1.4375
1.4375
1.4375
1.4375
1.4375
1.4375
1.4375
1.4375
1.4375
1.4375
1.4375
1.4375
1.4375
1.4375
1.4375
1.4375
1.4375
1.4375
1.4375
1.4375
1.4376786
1.4378572
1.4378572
1.4378572
1.4378572
1.4378572
1.4392858
1.4407142
1.4410714
1.4414285
1.4414285
1.4414285
1.4416964
1.4419643
1.4419643
1.4419643
1.4419643
1.4419643
1.4419643
1.4419643
1.4419643
1.4419643
1.4419643
1.4419643
1.4419643
1.4419643
1.4419643
1.4419643
1.4419643
1.4419643
1.4424107
1.4428571
1.4442856
1.4457142
1.4457142
1.4457142
1.4460714
1.4464285
1.4464285
1.4464285
1.4464285
1.4464285
1.4464285
1.4464285
1.4464285
1.4464285
1.4464285
1.4464285
1.4464285
1.4464285
1.4464285
1.4464285
1.4464285
1.4464285
1.4464285
1.4464285
1.4464285
1.4464285
1.4464285
1.4464285
1.4464285
1.4464285
1.4464285
1.4464285
1.4464285
1.4464285
1.4464285
1.4464285
1.4464285
1.4464285
1.4464285
1.4464285
1.4464285
1.4464285
1.4464285
1.4464285
1.4464285
1.4464285
1.4464285
1.4464285
1.4464285
1.4464285
1.4464285
1.4464285
1.4464285
1.4464285
1.4464285
1.4464285
1.4464285
1.4464285
1.4464285
1.4464285
1.4464285
1.4464285
1.4464285
1.4464285
1.4464285
1.4464285
1.4475446
1.4486607
1.4486607
1.4486607
1.4497768
1.4508928
1.4508928
1.4508928
1.4508928
1.4508928
1.4508928
1.4508928
1.4515178
1.4521428
1.4525
1.4528571
1.452991
1.453125
1.4537053
1.4542857
1.4548215
1.4553572
1.4553572
1.4553572
1.4553572
1.4553572
1.4553572
1.4553572
1.4553572
1.4553572
1.4553572
1.4553572
1.4553572
1.4553572
1.4553572
1.4553572
1.4553572
1.4553572
1.4553572
1.4553572
1.4553572
1.4553572
1.4553572
1.4553572
1.4553572
1.4553572
1.4553572
1.4553572
1.4553572
1.4553572
1.4553572
1.4553572
1.4553572
1.4553572
1.4553572
1.4553572
1.4553572
1.4553572
1.4553572
1.4553572
1.4553572
1.4553572
1.4553572
1.4553572
1.4553572
1.4553572
1.4553572
1.4553572
1.4553572
1.4553572
1.4553572
1.4553572
1.4553572
1.4553572
1.4553572
1.4553572
1.4553572
1.4553572
1.4553572
1.4553572
1.4553572
1.4553572
1.4553572
1.4553572
1.45625
1.4571428
1.4575
1.4578571
1.4582143
1.4585714
1.4591964
1.4598215
1.4598215
1.4598215
1.4598215
1.4598215
1.4598215
1.4598215
1.4598215
1.4598215
1.4598215
1.4598215
1.4602679
1.4607143
1.4607143
1.4607143
1.4607143
1.4607143
1.4613839
1.4620535
1.4628124
1.4635714
1.4639286
1.4642857
1.4642857
1.4642857
1.4642857
1.4642857
1.4642857
1.4642857
1.4642857
1.4642857
1.4642857
1.4642857
1.4642857
1.4642857
1.4642857
1.4642857
1.4642857
1.4642857
1.4642857
1.4642857
1.4642857
1.4642857
1.4642857
1.4642857
1.4642857
1.4642857
1.4642857
1.4642857
1.4642857
1.4642857
1.4642857
1.4642857
1.4642857
1.4642857
1.4642857
1.4642857
1.4642857
1.4642857
1.4642857
1.4642857
1.4642857
1.4642857
1.4642857
1.4642857
1.4642857
1.4642857
1.4642857
1.4642857
1.4642857
1.4642857
1.4642857
1.4642857
1.4642857
1.4642857
1.4642857
1.4642857
1.4642857
1.4642857
1.4642857
1.4642857
1.4665179
1.46875
1.46875
1.46875
1.46875
1.46875
1.46875
1.46875
1.46875
1.46875
1.46875
1.46875
1.46875
1.46875
1.46875
1.46875
1.46875
1.46875
1.46875
1.46875
1.46875
1.46875
1.469375
1.47
1.4703572
1.4707143
1.4707143
1.4707143
1.4714286
1.4721428
1.4726785
1.4732143
1.4732143
1.4732143
1.4732143
1.4732143
1.4732143
1.4732143
1.4732143
1.4732143
1.4732143
1.4732143
1.4732143
1.4732143
1.4732143
1.4732143
1.4732143
1.4732143
1.4732143
1.4732143
1.4732143
1.4732143
1.4732143
1.4732143
1.4732143
1.4732143
1.4732143
1.4732143
1.4732143
1.4732143
1.4732143
1.4732143
1.4732143
1.4732143
1.4732143
1.4732143
1.4732143
1.4732143
1.4732143
1.4732143
1.4732143
1.4732143
1.4732143
1.4732143
1.4732143
1.4732143
1.4732143
1.4732143
1.4732143
1.4732143
1.4732143
1.4732143
1.4733928
1.4735714
1.4742857
1.475
1.4752233
1.4754465
1.4765625
1.4776785
1.4776785
1.4776785
1.4776785
1.4776785
1.4776785
1.4776785
1.4776785
1.4776785
1.4776785
1.4776785
1.4776785
1.4776785
1.4777678
1.4778571
1.4782143
1.4785714
1.4803572
1.4821428
1.4821428
1.4821428
1.4821428
1.4821428
1.4821428
1.4821428
1.4821428
1.4821428
1.4821428
1.4821428
1.4821428
1.4821428
1.4821428
1.4821428
1.4821428
1.4821428
1.4821428
1.4821428
1.4821428
1.4821428
1.4821428
1.4821428
1.4821428
1.4821428
1.4821428
1.4821428
1.4821428
1.4821428
1.4821428
1.4821428
1.4821428
1.4821428
1.4821428
1.4821428
1.4821428
1.4821428
1.4821428
1.4821428
1.4821428
1.4821428
1.4821428
1.4821428
1.4821428
1.4821428
1.4821428
1.4821428
1.4821428
1.4821428
1.4821428
1.4821428
1.4821428
1.4821428
1.4821428
1.4821428
1.4821428
1.4821428
1.4821428
1.4821428
1.4821428
1.4821428
1.4821428
1.4821428
1.4825
1.4828571
1.4836161
1.484375
1.484375
1.484375
1.4850447
1.4857143
1.4857143
1.4857143
1.4861608
1.4866072
1.4866072
1.4866072
1.4866072
1.4866072
1.4866072
1.4866072
1.4866072
1.4866072
1.4866072
1.4866072
1.4866072
1.4866072
1.4866072
1.4866072
1.4872322
1.4878571
1.4885714
1.4892857
1.4901786
1.4910715
1.4910715
1.4910715
1.4910715
1.4910715
1.4910715
1.4910715
1.4910715
1.4910715
1.4910715
1.4910715
1.4910715
1.4910715
1.4910715
1.4910715
1.4910715
1.4910715
1.4910715
1.4910715
1.4910715
1.4910715
1.4910715
1.4910715
1.4910715
1.4910715
1.4910715
1.4910715
1.4910715
1.4910715
1.4910715
1.4910715
1.4910715
1.4910715
1.4910715
1.4910715
1.4910715
1.4910715
1.4910715
1.4910715
1.4910715
1.4910715
1.4910715
1.4910715
1.4910715
1.4910715
1.4910715
1.4910715
1.4910715
1.4910715
1.4910715
1.4910715
1.4910715
1.4910715
1.4910715
1.4910715
1.4910715
1.4910715
1.4910715
1.4910715
1.4910715
1.4910715
1.4910715
1.4910715
1.4910715
1.4910715
1.4910715
1.4910715
1.4910715
1.4910715
1.4919643
1.4928571
1.4930804
1.4933035
1.4934375
1.4935714
1.4935714
1.4935714
1.4942857
1.495
1.4952679
1.4955357
1.4955357
1.4955357
1.4955357
1.4955357
1.4955357
1.4955357
1.4955357
1.4955357
1.4955357
1.4955357
1.4955357
1.4955357
1.4955357
1.4955357
1.4955357
1.4955357
1.4959822
1.4964286
1.4967858
1.4971429
1.4971429
1.4971429
1.4974554
1.4977678
1.498884
1.5
1.5
1.5
1.5
1.5
1.5
1.5
1.5
1.5
1.5
1.5
1.5
1.5
1.5
1.5
1.5
1.5
1.5
1.5
1.5
1.5
1.5
1.5
1.5
1.5
1.5
1.5
1.5
1.5
1.5
1.5
1.5
1.5
1.5
1.5
1.5
1.5
1.5
1.5
1.5
1.5
1.5
1.5
1.5
1.5
1.5
1.5
1.5
1.5
1.5
1.5
1.5
1.5
1.5
1.5
1.5
1.5
1.5
1.5
1.5
1.5
1.5
1.5
1.5
1.5
1.5
1.5
1.5014286
1.5028571
1.5036607
1.5044643
1.5044643
1.5044643
1.5044643
1.5044643
1.5044643
1.5044643
1.5044643
1.5044643
1.5044643
1.5044643
1.5044643
1.5044643
1.5044643
1.5044643
1.5044643
1.5044643
1.5044643
1.5044643
1.5044643
1.5044643
1.5047321
1.505
1.505
1.505
1.505
1.505
1.5053571
1.5057143
1.5057143
1.5057143
1.5057143
1.5057143
1.5060714
1.5064286
1.5067858
1.5071429
1.5071429
1.5071429
1.5074999
1.5078571
1.5083928
1.5089285
1.5089285
1.5089285
1.5089285
1.5089285
1.5089285
1.5089285
1.5089285
1.5089285
1.5089285
1.5089285
1.5089285
1.5089285
1.5089285
1.5089285
1.5089285
1.5089285
1.5089285
1.5089285
1.5089285
1.5089285
1.5089285
1.5089285
1.5089285
1.5089285
1.5089285
1.5089285
1.5089285
1.5089285
1.5089285
1.5089285
1.5089285
1.5089285
1.5089285
1.5089285
1.5089285
1.5089285
1.5089285
1.5089285
1.5089285
1.5089285
1.5089285
1.5089285
1.5089285
1.5089285
1.5098214
1.5107143
1.5107143
1.5107143
1.5109375
1.5111607
1.5112946
1.5114286
1.5117857
1.5121429
1.5125
1.5128572
1.513125
1.5133928
1.5133928
1.5133928
1.5133928
1.5133928
1.5133928
1.5133928
1.5133928
1.5133928
1.5133928
1.5133928
1.5141964
1.515
1.515
1.515
1.5153124
1.515625
1.5156696
1.5157143
1.5167857
1.5178572
1.5178572
1.5178572
1.5178572
1.5178572
1.5178572
1.5178572
1.5178572
1.5178572
1.5178572
1.5178572
1.5178572
1.5178572
1.5178572
1.5178572
1.5178572
1.5178572
1.5178572
1.5178572
1.5178572
1.5178572
1.5178572
1.5178572
1.5178572
1.5178572
1.5178572
1.5178572
1.5178572
1.5178572
1.5178572
1.5178572
1.5178572
1.5178572
1.5178572
1.5178572
1.5178572
1.5178572
1.5178572
1.5178572
1.5178572
1.5178572
1.5178572
1.5178572
1.5178572
1.5178572
1.5178572
1.5178572
1.5178572
1.5178572
1.5178572
1.5178572
1.5178572
1.5178572
1.5185714
1.5192857
1.5192857
1.5192857
1.5192857
1.5192857
1.5196428
1.52
1.5211607
1.5223215
1.5223215
1.5223215
1.5223215
1.5223215
1.5223215
1.5223215
1.5223215
1.5223215
1.5225893
1.5228572
1.5232143
1.5235714
1.5239285
1.5242857
1.5242857
1.5242857
1.5242857
1.5242857
1.5244195
1.5245535
1.5247767
1.525
1.5257143
1.5264286
1.5264286
1.5264286
1.5266072
1.5267857
1.5267857
1.5267857
1.5267857
1.5267857
1.5267857
1.5267857
1.5267857
1.5267857
1.5267857
1.5267857
1.5267857
1.5267857
1.5267857
1.5267857
1.5267857
1.5267857
1.5267857
1.5267857
1.5267857
1.5267857
1.5267857
1.5267857
1.5267857
1.5267857
1.5267857
1.5267857
1.5267857
1.5267857
1.5267857
1.5267857
1.5267857
1.5267857
1.5267857
1.5267857
1.5267857
1.5267857
1.5267857
1.5267857
1.5267857
1.5267857
1.5267857
1.5267857
1.5267857
1.5267857
1.5267857
1.5267857
1.5267857
1.5267857
1.5273438
1.5279018
1.5282366
1.5285715
1.5285715
1.5285715
1.5285715
1.5285715
1.5285715
1.5285715
1.5287946
1.5290178
1.5291517
1.5292857
1.5296428
1.53
1.530625
1.53125
1.53125
1.53125
1.53125
1.53125
1.53125
1.53125
1.53125
1.53125
1.53125
1.53125
1.5313393
1.5314286
1.5317857
1.5321429
1.5325
1.5328572
1.5331697
1.5334822
1.5335269
1.5335715
1.5339286
1.5342857
1.5346428
1.535
1.5353571
1.5357143
1.5357143
1.5357143
1.5357143
1.5357143
1.5357143
1.5357143
1.5357143
1.5357143
1.5357143
1.5357143
1.5357143
1.5357143
1.5357143
1.5357143
1.5357143
1.5357143
1.5357143
1.5357143
1.5357143
1.5357143
1.5357143
1.5357143
1.5357143
1.5357143
1.5357143
1.5357143
1.5357143
1.5357143
1.5357143
1.5357143
1.5357143
1.5357143
1.5357143
1.5357143
1.5357143
1.5357143
1.5357143
1.5357143
1.5357143
1.5357143
1.5357143
1.5357143
1.5357143
1.5357143
1.5357143
1.5357143
1.5357143
1.5357143
1.5357143
1.5357143
1.5357143
1.5357143
1.5357143
1.5357143
1.5357143
1.5357143
1.5357143
1.5357143
1.5357143
1.5357143
1.5364286
1.5371429
1.5375
1.5378572
1.5382143
1.5385715
1.5389285
1.5392857
1.5392857
1.5392857
1.5397321
1.5401785
1.5401785
1.5401785
1.5401785
1.5401785
1.5401785
1.5401785
1.5401785
1.5401785
1.5401785
1.5401785
1.5401785
1.5401785
1.5404464
1.5407143
1.5426786
1.5446428
1.5446428
1.5446428
1.5446428
1.5446428
1.5446428
1.5446428
1.5446428
1.5446428
1.5446428
1.5446428
1.5446428
1.5446428
1.5446428
1.5446428
1.5446428
1.5446428
1.5446428
1.5446428
1.5446428
1.5446428
1.5446428
1.5446428
1.5446428
1.5446428
1.5446428
1.5446428
1.5446428
1.5446428
1.5446428
1.5446428
1.5446428
1.5446428
1.5446428
1.5446428
1.5446428
1.5446428
1.5446428
1.5446428
1.5446428
1.5446428
1.5446428
1.5446428
1.5446428
1.5446428
1.5446428
1.5446428
1.5446428
1.5446428
1.5446428
1.5446428
1.5449219
1.545201
1.5458148
1.5464286
1.5471429
1.5478572
1.5482143
1.5485715
1.5488393
1.5491072
1.5491072
1.5491072
1.5491072
1.5491072
1.5491072
1.5491072
1.5491072
1.5491072
1.5495536
1.55
1.55
1.55
1.55
1.55
1.5503571
1.5507143
1.5514286
1.5521429
1.5525782
1.5530134
1.5532925
1.5535715
1.5535715
1.5535715
1.5535715
1.5535715
1.5535715
1.5535715
1.5535715
1.5535715
1.5535715
1.5535715
1.5535715
1.5535715
1.5535715
1.5535715
1.5535715
1.5535715
1.5535715
1.5535715
1.5535715
1.5535715
1.5535715
1.5535715
1.5535715
1.5535715
1.5535715
1.5535715
1.5535715
1.5535715
1.5535715
1.5535715
1.5535715
1.5535715
1.5535715
1.5535715
1.5535715
1.5535715
1.5535715
1.5535715
1.5535715
1.5535715
1.5535715
1.5535715
1.5535715
1.5535715
1.5539286
1.5542858
1.5550447
1.5558035
1.5569196
1.5580357
1.5580357
1.5580357
1.5580357
1.5580357
1.5590179
1.56
1.56
1.56
1.56
1.56
1.5601339
1.5602678
1.5604911
1.5607142
1.5607142
1.5607142
1.5610714
1.5614285
1.5619643
1.5625
1.5625
1.5625
1.5625
1.5625
1.5625
1.5625
1.5625
1.5625
1.5625
1.5625
1.5625
1.5625
1.5625
1.5625
1.5625
1.5625
1.5625
1.5625
1.5625
1.5625
1.5625
1.5625
1.5625
1.5625
1.5625
1.5625
1.5625
1.5625
1.5625
1.5625
1.5625
1.5625
1.5625
1.5625
1.5625
1.5625
1.5625
1.5625
1.5633929
1.5642858
1.565
1.5657142
1.5663393
1.5669643
1.5669643
1.5669643
1.5669643
1.5669643
1.5669643
1.5669643
1.5669643
1.5669643
1.5670536
1.5671428
1.5681696
1.5691965
1.5703125
1.5714285
1.5714285
1.5714285
1.5714285
1.5714285
1.5714285
1.5714285
1.5714285
1.5714285
1.5714285
1.5714285
1.5714285
1.5714285
1.5714285
1.5714285
1.5714285
1.5714285
1.5714285
1.5714285
1.5714285
1.5714285
1.5714285
1.5714285
1.5714285
1.5714285
1.5714285
1.5714285
1.5714285
1.5714285
1.5714285
1.5714285
1.5714285
1.5714285
1.5714285
1.5714285
1.5714285
1.5714285
1.5714285
1.5714285
1.5714285
1.5714285
1.5714285
1.5714285
1.5714285
1.5714285
1.5721428
1.5728571
1.5743749
1.5758928
1.5758928
1.5758928
1.5758928
1.5758928
1.5758928
1.5758928
1.5758928
1.5758928
1.5758928
1.5758928
1.5758928
1.5758928
1.5758928
1.5758928
1.5767299
1.577567
1.577712
1.5778571
1.577991
1.578125
1.579241
1.5803572
1.5803572
1.5803572
1.5803572
1.5803572
1.5803572
1.5803572
1.5803572
1.5803572
1.5803572
1.5803572
1.5803572
1.5803572
1.5803572
1.5803572
1.5803572
1.5803572
1.5803572
1.5803572
1.5803572
1.5803572
1.5803572
1.5803572
1.5803572
1.5803572
1.5803572
1.5803572
1.5803572
1.5803572
1.5803572
1.5803572
1.5803572
1.5803572
1.5803572
1.5803572
1.5803572
1.5803572
1.5814732
1.5825893
1.5825893
1.5825893
1.5825893
1.5825893
1.5837054
1.5848215
1.5848215
1.5848215
1.5848215
1.5848215
1.5848215
1.5848215
1.5848215
1.5848215
1.5848215
1.5848215
1.5859821
1.5871428
1.5882143
1.5892857
1.5892857
1.5892857
1.5892857
1.5892857
1.5892857
1.5892857
1.5892857
1.5892857
1.5892857
1.5892857
1.5892857
1.5892857
1.5892857
1.5892857
1.5892857
1.5892857
1.5892857
1.5892857
1.5892857
1.5892857
1.5892857
1.5892857
1.5892857
1.5892857
1.5892857
1.5892857
1.5892857
1.5892857
1.5892857
1.5892857
1.5892857
1.5892857
1.5892857
1.5892857
1.5892857
1.5892857
1.5892857
1.5892857
1.5892857
1.5892857
1.5910714
1.5928571
1.5932143
1.5935714
1.5936607
1.59375
1.59375
1.59375
1.59375
1.59375
1.59375
1.59375
1.594375
1.595
1.5954912
1.5959822
1.5969197
1.5978571
1.5980357
1.5982143
1.5982143
1.5982143
1.5982143
1.5982143
1.5982143
1.5982143
1.5982143
1.5982143
1.5982143
1.5982143
1.5982143
1.5982143
1.5982143
1.5982143
1.5982143
1.5982143
1.5982143
1.5982143
1.5982143
1.5982143
1.5982143
1.5982143
1.5982143
1.5982143
1.5982143
1.5982143
1.5982143
1.5982143
1.5982143
1.5982143
1.5982143
1.5982143
1.5982143
1.5982143
1.5982143
1.5982143
1.5982143
1.5982143
1.5982143
1.5982143
1.5982143
1.5982143
1.5982143
1.5982143
1.5983928
1.5985714
1.5989286
1.5992857
1.5996429
1.6
1.6
1.6
1.6007143
1.6014286
1.6020536
1.6026785
1.6026785
1.6026785
1.6026785
1.6026785
1.6026785
1.6026785
1.6026785
1.6026785
1.6026785
1.6026785
1.6026785
1.6026785
1.6026785
1.6026785
1.6034821
1.6042857
1.6042857
1.6042857
1.6057143
1.6071428
1.6071428
1.6071428
1.6071428
1.6071428
1.6071428
1.6071428
1.6071428
1.6071428
1.6071428
1.6071428
1.6071428
1.6071428
1.6071428
1.6071428
1.6071428
1.6071428
1.6071428
1.6071428
1.6071428
1.6071428
1.6071428
1.6071428
1.6071428
1.6071428
1.6071428
1.6071428
1.6071428
1.6071428
1.6071428
1.6071428
1.6071428
1.6071428
1.6071428
1.6071428
1.6071428
1.6071428
1.6071428
1.6071428
1.6071428
1.6071428
1.6071428
1.6071428
1.6071428
1.6071428
1.6071428
1.6071428
1.6071428
1.6071428
1.6071428
1.6071428
1.6071428
1.6071428
1.6071428
1.6071428
1.6071428
1.6071428
1.6071428
1.6071428
1.6075
1.6078571
1.6086161
1.609375
1.609933
1.610491
1.6106026
1.6107143
1.6110715
1.6114286
1.6114286
1.6114286
1.6115179
1.6116072
1.6116072
1.6116072
1.6116072
1.6116072
1.6116072
1.6116072
1.6116072
1.6116072
1.6116072
1.6116072
1.6116072
1.6116072
1.6125894
1.6135714
1.6139286
1.6142857
1.6146429
1.615
1.615
1.615
1.6155357
1.6160715
1.6160715
1.6160715
1.6160715
1.6160715
1.6160715
1.6160715
1.6160715
1.6160715
1.6160715
1.6160715
1.6160715
1.6160715
1.6160715
1.6160715
1.6160715
1.6160715
1.6160715
1.6160715
1.6160715
1.6160715
1.6160715
1.6160715
1.6160715
1.6160715
1.6160715
1.6160715
1.6160715
1.6160715
1.6160715
1.6160715
1.6160715
1.6160715
1.6160715
1.6160715
1.6160715
1.6160715
1.6160715
1.6160715
1.6160715
1.6160715
1.6160715
1.6160715
1.6160715
1.6160715
1.6160715
1.6160715
1.6160715
1.6160715
1.6160715
1.6160715
1.6160715
1.6160715
1.6160715
1.6160715
1.6160715
1.6160715
1.6160715
1.6160715
1.6160715
1.6160715
1.6169643
1.6178571
1.6180804
1.6183035
1.6183035
1.6183035
1.6184375
1.6185714
1.6185714
1.6185714
1.6189286
1.6192857
1.6199107
1.6205357
1.6205357
1.6205357
1.6205357
1.6205357
1.620625
1.6207143
1.6210715
1.6214286
1.6217858
1.6221429
1.6225
1.6228571
1.6228571
1.6228571
1.6235714
1.6242857
1.6242857
1.6242857
1.6242857
1.6242857
1.6246428
1.625
1.625
1.625
1.625
1.625
1.625
1.625
1.625
1.625
1.625
1.625
1.625
1.625
1.625
1.625
1.625
1.625
1.625
1.625
1.625
1.625
1.625
1.625
1.625
1.625
1.625
1.625
1.625
1.625
1.625
1.625
1.625
1.625
1.625
1.625
1.625
1.625
1.625
1.625
1.625
1.625
1.625
1.625
1.625
1.625
1.625
1.625
1.625
1.625
1.625
1.625
1.625
1.625
1.6260715
1.6271429
1.6271875
1.6272322
1.6275446
1.6278571
1.6278571
1.6278571
1.6282142
1.6285714
1.6285714
1.6285714
1.6289285
1.6292857
1.629375
1.6294643
1.6294643
1.6294643
1.6294643
1.6294643
1.6294643
1.6294643
1.6300893
1.6307143
1.6307143
1.6307143
1.6307143
1.6307143
1.6312053
1.6316965
1.6319196
1.6321429
1.6321429
1.6321429
1.6321429
1.6321429
1.6324999
1.6328571
1.6332142
1.6335714
1.63375
1.6339285
1.6339285
1.6339285
1.6339285
1.6339285
1.6339285
1.6339285
1.6339285
1.6339285
1.6339285
1.6339285
1.6339285
1.6339285
1.6339285
1.6339285
1.6339285
1.6339285
1.6339285
1.6339285
1.6339285
1.6339285
1.6339285
1.6339285
1.6339285
1.6339285
1.6339285
1.6339285
1.6339285
1.6339285
1.6339285
1.6339285
1.6339285
1.6339285
1.6339285
1.6339285
1.6339285
1.6339285
1.6344643
1.635
1.635
1.635
1.6353571
1.6357143
1.6357143
1.6357143
1.6357143
1.6357143
1.6359375
1.6361607
1.6361607
1.6361607
1.6362946
1.6364286
1.6371429
1.6378572
1.638125
1.6383928
1.6383928
1.6383928
1.6383928
1.6383928
1.6383928
1.6383928
1.6383928
1.6383928
1.6388392
1.6392857
1.6392857
1.6392857
1.6396428
1.64
1.6403571
1.6407143
1.6414286
1.6421429
1.6421429
1.6421429
1.6425
1.6428572
1.6428572
1.6428572
1.6428572
1.6428572
1.6428572
1.6428572
1.6428572
1.6428572
1.6428572
1.6428572
1.6428572
1.6428572
1.6428572
1.6428572
1.6428572
1.6428572
1.6428572
1.6428572
1.6428572
1.6428572
1.6428572
1.6428572
1.6428572
1.6428572
1.6428572
1.6428572
1.6428572
1.6428572
1.6428572
1.6428572
1.6428572
1.6428572
1.6428572
1.6428572
1.6428572
1.6428572
1.6428572
1.6428572
1.6428572
1.6428572
1.6428572
1.6428572
1.6428572
1.6428572
1.6428572
1.6428572
1.6428572
1.6428572
1.6428572
1.6428572
1.6428572
1.6428572
1.6428572
1.6428572
1.6435714
1.6442857
1.6446874
1.6450893
1.6454017
1.6457143
1.6457143
1.6457143
1.6457143
1.6457143
1.6460714
1.6464286
1.6464286
1.6464286
1.6464286
1.6464286
1.6467857
1.6471429
1.6472322
1.6473215
1.6475893
1.6478572
1.6487054
1.6495535
1.6497767
1.65
1.6507143
1.6514286
1.6516072
1.6517857
1.6517857
1.6517857
1.6517857
1.6517857
1.6517857
1.6517857
1.6517857
1.6517857
1.6517857
1.6517857
1.6517857
1.6517857
1.6517857
1.6517857
1.6517857
1.6517857
1.6517857
1.6517857
1.6517857
1.6517857
1.6517857
1.6517857
1.6517857
1.6517857
1.6517857
1.6517857
1.6517857
1.6517857
1.6517857
1.6517857
1.6517857
1.6517857
1.6517857
1.6517857
1.6519643
1.6521429
1.6525
1.6528572
1.6532143
1.6535715
1.6535715
1.6535715
1.6535715
1.6535715
1.6546428
1.6557143
1.6559821
1.65625
1.65625
1.65625
1.65625
1.65625
1.6566964
1.6571429
1.6571429
1.6571429
1.6582143
1.6592857
1.6596428
1.66
1.6603571
1.6607143
1.6607143
1.6607143
1.6607143
1.6607143
1.6607143
1.6607143
1.6607143
1.6607143
1.6607143
1.6607143
1.6607143
1.6607143
1.6607143
1.6607143
1.6607143
1.6607143
1.6607143
1.6607143
1.6607143
1.6607143
1.6607143
1.6607143
1.6607143
1.6607143
1.6607143
1.6607143
1.6607143
1.6607143
1.6607143
1.6607143
1.6607143
1.6607143
1.6607143
1.6607143
1.6607143
1.6607143
1.6607143
1.6607143
1.6618304
1.6629465
1.663259
1.6635715
1.6639285
1.6642857
1.6642857
1.6642857
1.6642857
1.6642857
1.6647321
1.6651785
1.6651785
1.6651785
1.6651785
1.6651785
1.6654464
1.6657143
1.6664286
1.6671429
1.6675
1.6678572
1.66875
1.6696428
1.6696428
1.6696428
1.6696428
1.6696428
1.6696428
1.6696428
1.6696428
1.6696428
1.6696428
1.6696428
1.6696428
1.6696428
1.6696428
1.6696428
1.6696428
1.6696428
1.6696428
1.6696428
1.6696428
1.6696428
1.6696428
1.6696428
1.6696428
1.6696428
1.6696428
1.6696428
1.6696428
1.6696428
1.6698214
1.67
1.6707143
1.6714286
1.6714286
1.6714286
1.6716518
1.671875
1.672009
1.6721429
1.6725
1.6728572
1.6734822
1.6741072
1.6741072
1.6741072
1.6741072
1.6741072
1.6741072
1.6741072
1.6741072
1.6741072
1.6741072
1.6741072
1.6741965
1.6742858
1.6746428
1.675
1.675
1.675
1.6756697
1.6763393
1.6763393
1.6763393
1.6763393
1.6763393
1.6770983
1.6778572
1.6778572
1.6778572
1.6778572
1.6778572
1.6782143
1.6785715
1.6785715
1.6785715
1.6785715
1.6785715
1.6785715
1.6785715
1.6785715
1.6785715
1.6785715
1.6785715
1.6785715
1.6785715
1.6785715
1.6785715
1.6785715
1.6785715
1.6785715
1.6785715
1.6785715
1.6785715
1.6785715
1.6785715
1.6785715
1.6785715
1.6785715
1.6785715
1.6789286
1.6792858
1.6803572
1.6814286
1.6814286
1.6814286
1.6817857
1.6821429
1.6825893
1.6830357
1.6830357
1.6830357
1.6830357
1.6830357
1.6830357
1.6830357
1.6830357
1.6830357
1.6830357
1.6830357
1.6830357
1.6830357
1.6852679
1.6875
1.6875
1.6875
1.6875
1.6875
1.6875
1.6875
1.6875
1.6875
1.6875
1.6875
1.6875
1.6875
1.6875
1.6875
1.6875
1.6875
1.6875
1.6875
1.6875
1.6875
1.6875
1.6875
1.6875
1.6875
1.6875
1.6875
1.6875
1.6875
1.6880357
1.6885715
1.6885715
1.6885715
1.6885715
1.6885715
1.6891518
1.6897322
1.6902232
1.6907142
1.6910714
1.6914285
1.6916964
1.6919643
1.693125
1.6942858
1.6946429
1.695
1.6957142
1.6964285
1.6964285
1.6964285
1.6964285
1.6964285
1.6964285
1.6964285
1.6964285
1.6964285
1.6964285
1.6964285
1.6964285
1.6964285
1.6964285
1.6964285
1.6964285
1.6964285
1.6964285
1.6964285
1.6964285
1.6964285
1.6964285
1.6964285
1.6964285
1.6964285
1.6971428
1.6978571
1.6978571
1.6978571
1.6978571
1.6978571
1.6992857
1.7007142
1.7008035
1.7008928
1.701875
1.7028571
1.7039286
1.705
1.705
1.705
1.7051786
1.7053572
1.7053572
1.7053572
1.7053572
1.7053572
1.7053572
1.7053572
1.7053572
1.7053572
1.7053572
1.7053572
1.7053572
1.7053572
1.7053572
1.7053572
1.7053572
1.7053572
1.7053572
1.7053572
1.7053572
1.7053572
1.7053572
1.7053572
1.7053572
1.7053572
1.7055358
1.7057143
1.7064285
1.7071428
1.7075
1.7078571
1.7078571
1.7078571
1.7088393
1.7098215
1.7098215
1.7098215
1.7102679
1.7107143
1.7113839
1.7120535
1.7128124
1.7135714
1.7139286
1.7142857
1.7142857
1.7142857
1.7142857
1.7142857
1.7142857
1.7142857
1.7142857
1.7142857
1.7142857
1.7142857
1.7142857
1.7142857
1.7142857
1.7142857
1.7142857
1.7142857
1.7142857
1.7142857
1.7142857
1.7142857
1.715
1.7157143
1.7157143
1.7157143
1.7160714
1.7164285
1.7164731
1.7165178
1.7165178
1.7165178
1.7175446
1.7185714
1.7186607
1.71875
1.71875
1.71875
1.719375
1.72
1.7203572
1.7207143
1.7207143
1.7207143
1.7208483
1.7209822
1.7212054
1.7214285
1.7214285
1.7214285
1.7223214
1.7232143
1.7232143
1.7232143
1.7232143
1.7232143
1.7232143
1.7232143
1.7232143
1.7232143
1.7232143
1.7232143
1.7232143
1.7232143
1.7232143
1.7232143
1.7232143
1.7232143
1.7232143
1.7232143
1.7232143
1.7232143
1.7232143
1.7232143
1.7232143
1.7232143
1.7232143
1.7232143
1.7233928
1.7235714
1.7235714
1.7235714
1.7239286
1.7242857
1.7257142
1.7271428
1.7275
1.7278571
1.7282143
1.7285714
1.7296429
1.7307143
1.7314286
1.7321428
1.7321428
1.7321428
1.7321428
1.7321428
1.7321428
1.7321428
1.7321428
1.7321428
1.7321428
1.7321428
1.7321428
1.7321428
1.7321428
1.7321428
1.7335714
1.735
1.735
1.735
1.7353572
1.7357143
1.7357143
1.7357143
1.7357143
1.7357143
1.7361608
1.7366072
1.7366072
1.7366072
1.7372322
1.7378571
1.7382143
1.7385714
1.7385714
1.7385714
1.7385714
1.7385714
1.7389286
1.7392857
1.74
1.7407143
1.7407143
1.7407143
1.7407143
1.7407143
1.7408929
1.7410715
1.7410715
1.7410715
1.7410715
1.7410715
1.7410715
1.7410715
1.7410715
1.7410715
1.7410715
1.7410715
1.7410715
1.7410715
1.7410715
1.7410715
1.7410715
1.7410715
1.7410715
1.7410715
1.74125
1.7414286
1.7414286
1.7414286
1.7423661
1.7433035
1.7434375
1.7435714
1.7442857
1.745
1.7452679
1.7455357
1.745625
1.7457143
1.7475
1.7492857
1.7496428
1.75
1.75
1.75
1.75
1.75
1.75
1.75
1.75
1.75
1.75
1.75
1.75
1.75
1.75
1.75
1.75
1.75
1.75
1.75
1.75
1.75
1.75
1.75
1.75
1.75
1.75
1.75
1.75
1.75
1.75
1.75
1.75
1.75
1.75
1.75
1.75
1.75
1.7507143
1.7514286
1.7517858
1.7521429
1.7525
1.7528571
1.7532142
1.7535714
1.7539285
1.7542857
1.755
1.7557143
1.7564286
1.7571429
1.7580357
1.7589285
1.7589285
1.7589285
1.7589285
1.7589285
1.7589285
1.7589285
1.7589285
1.7589285
1.7589285
1.7589285
1.7589285
1.7589285
1.7589285
1.7589285
1.7589285
1.7589285
1.7589285
1.7589285
1.7589285
1.7589285
1.7589285
1.7589285
